x,y
510.1,261.77
419.88,45.64
225.44,57.57
589.02,109.99
57.74,292.72
288.33,32.3
500.2,183.34
461.56,248.17
515.17,297.75
122.22,191.33
765.79,163.71
795.21,164.97
649.15,144.87
917.91,164.91
550.08,165.26
146.71,239.41
426.13,112.7
645.02,19.99
986.94,131.8
604.68,248.6
759.88,271.36
756.72,285.29
765.64,122.02
550.81,302.87
802.48,170.61
262.4,307.55
250.28,291.34
57.81,175.95
590.28,205.9
693.86,184.89
978.4,83.55
812.75,254.82
570.53,83.81
640.06,285.27
802.07,179.3
402.9,155.91
326.35,317.28
47.98,117.41
433.22,324.41
896.37,58.74
450.24,81.2
231.57,128.51
801.25,164.59
358.91,77.01
55.54,247.67
49.12,276.35
745.41,285.59
197.54,82.55
437.47,68.28
231.07,234.27
407.73,192.77
181.62,325.35
403.7,111.87
613.58,309.27
460.54,265.14
800.65,135.93
574.1,90.14
95.23,248.62
195.15,56.74
644.78,193.82
621.92,301.24
267.27,287.19
547.22,282.05
538.02,334.56
719.16,281.08
169.49,89.68
818.25,243.6
640.26,309.76
281.65,145.21
302.96,160.15
800.2,159.47
39.71,253.15
691.39,277.84
829.25,124.44
109.52,228.2
601.12,200.21
286.15,183.15
103.43,353.97
398.36,75.39
987.92,139.65
489.52,64.19
104.75,269.01
810.36,127.490005
161.53,44.69
796.6,116.41
68.18,304.38
169.9,121.57
974.27,173.08
19.87,298.01
628.03,166.26
773.52,45.19
110.05,171.34
124.39,278.24
491.24,248.27
582.91,242.34
214.46,140.64
425.01,64.59
287.32,193.95
849.25,18.37
562.38,264.91
805.46,258.01
31.060001,106.7
525.01,139.17
736.52,175.27
903.19,39.12
164.19,298.23
691.74,301.14
459.65,62.07
176.93,94.35
303.62,78.08
239.0,115.53
483.84,145.26
780.31,164.84
914.04,144.26
491.92,239.25
823.21,62.53
117.38,121.62
704.49,328.22
766.44,155.21
617.61,97.82
877.66,91.94
981.18,284.78
107.84,191.16
586.98,128.63
668.11,310.85
651.98,318.71
346.41,340.19
850.29,69.82
773.75,119.0
386.87,102.94
706.35,206.46
967.44,231.58
475.4,280.59
808.58,190.29
845.31,120.15
259.4,325.15
386.0,51.59
326.87,176.81
98.99,247.5
695.17,145.89
816.43,72.4
651.3,262.63
99.78,188.71
153.47,51.92
872.03,106.79
187.83,312.6
991.8,203.83
540.06,159.11
590.83,343.75
948.63,219.51
581.61,78.06
434.47,280.96
304.08,122.83
268.99,195.79
701.18,320.95
942.26,170.24
80.65,233.76
954.79,286.89
493.18,241.9
606.44,268.45
536.13,263.76
445.29,49.42
61.79,277.48
256.58,324.14
318.27,291.43
497.76,216.38
442.5,75.17
990.1,145.73
479.14,137.95
828.88,84.15
429.08,207.32
190.61,131.58
557.84,87.07
38.66,270.89
259.12,177.63
454.01,77.62
841.51,171.1
203.26,142.38
758.68,105.56
975.93,161.37
390.24,33.56
485.34,148.17
82.9,316.84
856.33,247.17
164.84,291.84
508.64,241.85
153.01,222.31
305.5,47.66
419.46,178.76
409.38,238.0
690.34,286.8
821.24,66.58
196.62,139.74
674.51,3.8400002
643.6,93.21
367.56,143.87
105.84,169.48
469.87,183.41
86.43,226.75
102.99,204.1
236.09,203.56
946.02,141.12
227.33,37.4
28.62,171.17
405.52,76.51
819.4,128.35
307.19,95.31
332.72,171.43
613.03,126.61
762.89,257.44
469.84,113.05
727.1,88.87
835.41,108.48
670.87,149.18
751.67,131.02
247.55,120.88
50.67,306.31
695.1,173.85
246.61,278.77
690.73,261.68
73.41,157.19
623.15,40.44
858.27,64.65
694.62,214.52
644.2,108.97
89.47,133.94
147.49,299.83
856.26,56.86
602.19,330.33
136.08,201.23
425.78,71.58
1002.42,273.11
938.83,243.85
401.54,132.35
891.97,235.86
417.49,60.08
734.73,69.98
495.74,176.86
62.27,229.53
422.97,143.45
256.97,285.81
970.72,242.4
931.52,93.83
217.37,79.22
955.44,231.58
303.11,39.37
139.25,57.06
801.9,54.64
470.35,304.23
970.36,215.55
557.83,291.66
220.38,37.45
995.35,127.25
364.91,105.8
327.02,41.55
736.69,274.31
130.04,293.99
959.52,287.73
144.73,63.53
501.24,186.96
774.95,127.84
628.8,98.58
300.93,296.05
112.43,275.1
397.56,184.9
396.7,1.0699999
504.54,191.97
599.1,149.2
881.37,77.46
503.03,207.89
936.68,262.66
307.06,63.11
488.0,196.11
967.26,304.15
570.15,68.12
134.04,245.38
194.05,123.47
329.65,212.44
823.37,100.46
348.57,77.1
393.26,121.77
356.22,192.27
655.41,166.73
432.29,3.73
952.3,222.96
670.12,300.68
933.21,254.57
828.56,292.49
134.36,241.38
928.19,237.99
457.3,66.19
825.56,53.33
202.28,271.88
742.63,140.96
970.6,233.58
578.39,63.620003
172.67,42.41
608.84,164.41
156.7,112.24
212.19,114.47
467.48,291.29
313.38,221.48
715.4,224.72
804.0,186.04
331.4,251.98
424.77,281.2
781.56,73.53
11.48,19.43
135.96,190.69
764.2,182.7
840.97,156.92
957.26,146.55
574.27,33.61
66.41,243.48
241.24,316.49
173.51,323.28
306.49,216.66
824.09,43.41
163.48,67.01
153.73,58.52
790.28,103.04
17.42,316.07
777.63,63.1
405.63,175.2
243.42,250.69
51.53,348.08
844.8,153.31
405.94,195.45
702.75,252.76
728.83,128.29
1032.07,92.26
661.58,280.46
1000.24,243.05
506.37,335.48
454.28,46.58
710.7,150.12
832.04,196.34
227.97,41.18
69.68,243.98
576.17,260.79
779.56,158.26
311.66,250.72
141.6,266.31
668.45,124.45
741.63,282.99
939.24,23.53
29.07,286.73
725.52,247.68
464.41,272.41
93.96,323.59
160.3,117.43
123.07,273.53
166.44,326.77
508.04,219.59
660.62,137.43
184.04,160.35
705.9,3.23
552.55,291.89
125.66,289.67
824.49,143.99
114.34,160.97
170.53,49.39
239.02,207.76
128.07,302.98
560.57,98.92
729.01,110.37
586.19,132.46
802.55,161.49
77.64,267.35
322.91,138.95
472.92,271.15
759.41,314.92
928.06,208.33
493.13,169.39
73.36,228.36
952.24,211.07
189.79,168.75
601.26,176.7
281.32,257.0
867.33,111.39
311.55,101.27
446.66,318.2
134.09,211.22
420.03,184.25
247.78,346.96
983.46,141.57
890.63,181.2
598.16,223.59
80.84,251.14
691.21,253.24
970.84,238.54
726.72,234.25
205.7,164.04
661.97,277.28
534.88,253.34
850.75,141.71
276.11,187.55
421.47,176.2
760.52,283.74
394.93,344.43
342.99,44.58
61.61,281.05
902.13,87.49
328.61,200.68
510.59998,248.52
294.81,142.15
219.4,65.52
798.82,212.84
67.72,197.0
614.76,185.1
589.09,158.34
557.89,186.41
184.87,33.56
466.09,212.27
579.02,117.41
410.65,45.28
494.34,310.48
496.28,271.48
511.2,213.46
266.21,56.87
196.51,42.86
620.69,183.58
136.87,314.5
459.61,334.23
226.39,86.44
322.74,269.22
464.64,277.96
964.09,298.36
682.2,66.97
326.2,243.86
303.49,191.61
745.42,251.21
299.64,139.78
401.08,168.18
702.34,242.29
293.78,113.96
625.95,169.72
970.02,204.94
58.64,217.06
491.19,163.47
56.36,43.85
102.32,164.35
322.24,245.87
704.73,315.89
773.34,4.72
999.61,247.79
70.69,111.09
421.47,102.57
995.93,240.13
203.57,353.63
331.82,200.27
181.06,285.82
993.47,219.35
733.54,272.23
574.72,221.11
561.56,147.74
955.77,113.34
760.8,244.39
25.67,77.53
983.96,110.73
182.87,89.83
450.44,335.62
740.68,237.68
511.84003,194.41
968.89,322.07
86.71,271.86
39.18,43.65
77.63,318.09
96.58,269.94
73.09,265.79
777.07,95.27
108.42,220.54
195.21,155.3
228.32,148.44
931.61,101.16
469.96,159.08
170.5,295.06
151.78,85.68
659.6,273.95
421.66,181.33
712.14,305.09
559.59,167.87
190.01,228.42
391.1,131.55
325.45,256.93
661.41,50.79
723.63,274.98
559.76,134.46
636.41,137.42
647.43,203.55
789.34,96.45
264.04,90.69
326.05,158.06
36.55,56.44
420.55,197.1
575.95,73.9
254.12,175.33
639.73,258.54
157.23,52.86
434.31,91.89
490.18,203.4
412.02,220.33
609.03,26.42
451.49,288.63
695.77,262.04
824.69,229.35
820.18,150.56
823.34,73.8
67.92,204.38
692.22,317.08
473.79,313.25
225.58,181.03
831.48,153.19
325.41,86.17
651.13,256.2
217.88,350.17
746.0,203.97
591.02,179.09
143.63,211.68
756.9,269.47
795.55,175.89
1041.03,195.46
548.51,232.64
56.61,139.19
349.68,206.06
847.37,83.69
509.11,210.71
458.88,274.14
416.65,190.23
698.9,215.63
522.38,302.35
942.44,209.28
198.28,32.57
864.54,35.81
424.51,167.32
639.66,281.37
258.81,219.93
639.75,133.17
919.5,186.34
177.2,146.51
217.0,93.51
281.2,328.37
707.63,73.49
176.59,307.22
125.03,178.11
587.04,268.9
481.55,143.45
622.73,90.51
843.89,162.2
965.2,306.18
101.48,215.58
169.57,300.82
364.85,290.03
695.29,180.52
328.02,140.78
931.9,112.86
715.36,231.59
42.62,333.77
469.2,265.84
134.16,87.17
316.35,326.32
214.88,67.89
28.73,252.94
370.37,210.04
142.49,48.29
181.75,105.96
468.62,57.52
390.69,135.31
355.36,274.28
183.06,109.37
238.79,81.67
124.55,281.33
937.35,101.35
366.54,128.01
141.49,262.93
325.23,233.93
320.2,295.17
806.91,176.6
175.24,134.78
106.56,136.84
470.7,165.61
616.04,286.86
198.41,135.14
981.17,349.12
483.86,96.14
451.73,229.62
169.83,259.37
688.03,201.12
221.85,133.47
224.62,209.16
312.59,28.87
245.84,223.52
660.48,233.35
723.99,231.48
98.5,10.68
80.48,255.79001
827.21,74.28
450.45,269.27
452.34,284.55
646.01,61.05
166.1,69.33
760.87,177.03
572.9,340.72
330.53,323.95
538.56,246.41
718.92,239.72
309.8,220.09
580.0,101.33
140.54,312.31
475.07,158.54
977.17,26.87
823.47,245.21
617.98,228.41
481.36,140.49
985.83,151.09
931.39,244.52
470.14,14.58
351.65,17.63
589.3,125.1
623.47,149.71
67.96,122.4
433.27,37.89
292.81,161.6
137.09,247.49
260.43,332.54
200.7,42.11
34.8,334.91
594.57,167.26
664.28,220.39
464.52,88.68
734.05,39.25
274.74,254.21
936.84,236.94
674.25,163.26
194.48,303.52
428.62,102.68
90.0,179.77
454.73,294.85
141.87,61.47
632.18,22.1
794.78,285.84
86.46,143.25
633.63,57.96
274.08,164.78
613.9,268.42
148.46,306.2
348.78,197.2
551.4,264.22
127.8,321.59
197.21,38.79
50.54,169.13
406.27,231.98
507.96,187.99
757.77,15.530001
928.29,204.39
121.51,156.2
318.59,287.04
93.29,188.24
326.48,225.94
242.33,195.32
540.11,167.36
479.34,164.87
550.75,194.01
935.55,142.36
121.65,182.83
296.64,129.74
671.72,303.58
39.04,305.0
646.6,57.95
186.05,254.1
198.59,220.78
668.36,71.17
576.09,48.46
525.63,142.94
854.78,158.76
260.08,77.91
772.64,86.14
456.5,269.08
963.42,309.91
792.36,322.29
170.02,242.08
197.41,78.46
370.65,160.98
222.36,54.77
262.62,320.46
473.89,131.58
429.45,106.58
-0.73,252.89
160.38,240.79
132.51,268.82
817.04,167.26
741.31,262.24
463.32,240.81
839.15,164.73
972.1,152.46
104.19,192.55
217.62,221.25
582.33,55.34
5.16,144.88
332.07,151.24
597.95,237.08
853.95,206.99
100.0,161.48
630.77,17.8
109.75,150.86
353.18,81.35
331.41,294.26
737.8,77.57
826.18,58.29
730.25,147.32
725.35,46.64
646.99,298.31
307.68,214.01
581.54,177.44
201.8,149.43
769.66,140.0
1000.14,228.55
321.46,123.08
182.93,156.19
867.6,40.87
591.47,239.34
458.98,254.6
964.51,207.37
104.05,161.94
916.36,136.18
410.33,20.96
30.25,262.22
80.35,260.99
876.26,83.36
99.15,289.43
511.56,273.4
151.26,332.51
491.03,223.65
371.56,68.93
164.68,54.04
409.26,184.91
791.36,166.33
490.79,109.73
774.49,174.21
630.09,335.21
468.67,202.64
616.8,89.8
304.93,120.14
696.09,150.05
64.03,348.99
692.09,312.79
223.84,51.35
487.76,222.07
575.91,204.86
8.55,96.08
200.35,229.23
547.12,90.12
675.67,280.35
337.69,172.2
368.22,198.28
167.12,102.78
136.2,258.3
312.49,167.17
920.59,228.44
236.08,106.96
968.05,314.11
42.97,234.35
327.15,51.48
254.64001,220.36
589.62,165.94
421.72,98.92
809.95,332.24
277.76,20.47
352.14,77.88
624.9,15.67
272.01,180.21
608.25,280.94
547.15,310.09
270.56,153.45
695.97,197.29
34.72,296.82
294.11,50.91
247.2,195.13
624.94,162.66
390.59,76.48
1020.45,220.17
901.76,105.35
165.11,57.71
728.22,300.17
352.79,203.08
600.55,166.4
511.44,229.44
1000.31,238.23
204.62,100.23
42.58,313.07
633.49,138.93
723.75,78.68
668.26,236.74
224.43,165.2
314.55,228.64
195.57,167.4
417.46,278.96
400.96,182.92
359.51,65.73
-0.42999995,2.75
712.65,267.84
627.41,309.23
758.75,101.66
1007.69,216.77
592.95,257.5
87.39,352.53
819.12,253.95
894.83,13.74
220.79,62.19
76.02,211.75
1019.58,101.32
113.69,331.21
682.68,284.24
633.16,176.48
734.36,291.04
487.99,183.63
117.63,178.74
198.06,344.51
158.58,288.61
127.69,194.21
105.35,165.67
158.93,293.49
217.87,86.32
746.86,322.91
298.13,114.02
94.45,238.67
411.2,304.52
982.28,275.98
766.65,100.11
598.59,283.46
743.05,45.9
750.4,46.39
219.6,326.41
745.97,245.23
1050.88,79.41
380.21,166.68
640.32,127.259995
329.01,166.71
183.06,269.39
390.25,116.78
1007.62,208.02
840.07,143.53
897.64,210.66
845.39,127.55
878.32,87.61
692.24,198.85
724.67,259.14
1049.91,196.3
673.57,352.7
235.72,119.56
654.14,350.91
800.94,188.24
404.97,25.34
514.77,293.76
667.48,307.12
34.02,270.42
791.69,109.59
81.41,247.98
591.81,214.17
726.3,305.18
809.0,70.14
654.77,288.96
139.93,211.62
328.61,208.84
553.39,114.68
174.29,343.91
622.56,322.73
433.12,89.16
611.59,192.37
383.1,59.03
468.22,192.51
341.02,62.22
521.84,204.48
425.68,90.3
364.76,119.93
673.42,283.48
62.33,211.34
-0.69,291.26
471.2,45.71
708.97,81.31
796.6,349.63
715.46,243.18
659.16,178.54
465.64,44.74
633.23,13.99
512.62,287.38
111.79,153.86
31.95,279.03
436.89,44.32
493.08,271.67
323.05,281.71
454.5,298.98
313.86,273.66
852.77,115.43
824.94,77.01
468.32,294.79
116.03,113.22
785.68,274.73
969.14,274.87
918.03,169.16
270.88,37.99
710.11,264.48
410.86,211.43
987.4,155.04
909.89,206.76
631.25,203.21
275.89,73.08
760.02,275.19
836.94,181.2
545.46,160.72
153.67,46.2
193.33,174.03
659.25,133.44
805.06,53.83
494.53,173.06
189.73,273.79
127.479996,163.55
121.68,332.63
250.65,80.63
833.28,192.95
1008.83,220.24
68.11,175.67
801.6,219.18
58.05,270.02
977.19,158.55
616.74,113.22
694.78,207.55
265.64,192.24
100.74,333.65
825.56,215.79
193.9,65.48
170.34,127.28
82.73,265.54
367.57,61.01
751.69,273.12
106.45,180.52
432.04,109.55
721.44,256.87
10.23,301.18
608.92,105.35
56.68,221.61
454.94,11.91
92.18,205.45
132.8,179.31
600.65,82.13
306.05,229.27
209.28,40.85
574.7,85.27
830.98,350.36
288.53,336.7
368.31,112.48
858.54,15.82
65.26,223.38
909.82,241.04
382.02,153.53
303.25,90.03
464.86,231.06
805.11,223.88
213.93,162.24
279.83,230.67
930.39,139.46
985.02,282.49
358.21,102.34
132.82,103.89
504.34,233.63
377.11,127.11
182.77,77.29
156.79,226.44
472.07,162.18
211.8,177.6
159.92,316.67
763.76,17.91
779.98,181.29
939.79,143.87
467.58,141.72
928.74,90.39
588.74,185.56
954.08,4.11
533.66,158.02
623.66,294.82
575.89,21.0
488.57,170.45
203.71,170.11
397.18,108.29
139.74,253.9
278.97,173.84
1027.53,174.41
945.79,70.73
418.88,335.49
801.57,265.13
664.8,36.23
803.1,254.16
31.259998,272.45
103.83,176.42
508.3,225.94
982.79,132.35
915.42,140.15
193.84,214.65
568.13,199.94
675.43,215.21
742.95,60.73
156.71,307.82
128.64,186.69
364.05,123.69
668.85,247.67
662.61,339.4
427.68,82.75
221.33,119.4
881.09,84.84
770.18,117.68
504.08,86.45
78.65,162.4
467.08,287.78
590.06,128.62
118.09,318.38
701.23,223.16
105.79,112.97
159.29,127.259995
805.67,152.52
101.63,178.42
336.65,332.29
297.52,110.88
1006.45,224.03
824.31,130.77
783.94,132.94
498.65,180.63
468.25,130.22
780.03,321.97
1049.74,272.24
301.62,175.71
986.06,146.4
1014.28,34.89
635.75,155.49
691.28,282.6
748.39,259.48
491.84,191.36
586.17,51.65
250.21,239.66
608.88,123.34
302.93,135.52
958.08,260.48
196.21,174.96
857.18,39.95
970.25,15.370001
502.74,227.04
459.06,116.87
647.06,326.18
397.47,87.18
740.4,99.88
196.58,85.66
480.81,94.0
458.91,98.28
605.23,167.4
398.72,113.61
118.73,288.85
952.84,165.33
302.75,215.58
186.69,115.5
784.46,233.67
155.9,268.15
251.51,267.91
0.8900001,104.68
807.32,256.08
35.63,261.07
596.9,173.42
589.68,197.63
274.52,260.99
331.17,1.0999999
481.13,147.42
434.78,96.51
435.75,54.13
967.03,203.7
680.95,135.45
552.64,167.96
1038.62,137.57
770.73,33.34
998.69,166.08
41.32,278.25
710.6,316.89
198.06,46.81
439.7,317.62
85.35,117.44
983.65,128.53
324.03,131.79
331.29,157.21
664.03,126.740005
139.82,105.32
180.31,71.28
785.31,86.05
226.51,350.69
778.42,171.44
828.68,69.34
887.66,147.52
640.57,273.13
581.3,126.899994
1014.37,220.04
83.62,236.68
583.16,110.26
7.3500004,307.15
969.09,245.7
484.39,102.99
582.14,250.9
396.97,92.62
574.7,96.64
767.42,149.11
718.76,252.0
741.98,286.55
1004.21,156.12
918.54,144.04
149.32,107.42
227.19,44.73
958.23,13.52
133.3,237.54
268.25,291.77
268.6,148.36
447.86,90.03
862.94,146.03
921.77,82.23
58.37,211.6
699.85,295.7
233.11,109.84
814.05,124.05
100.73,47.54
67.82,210.05
705.28,271.45
425.81,68.57
722.3,298.82
998.41,264.26
999.4,158.48
610.11,129.38
883.87,307.71
703.86,280.09
958.06,268.4
583.45,59.5
263.46,130.46
198.37,50.22
93.79,173.63
941.39,262.3
821.13,226.78
321.1,227.29
469.3,171.42
691.68,75.4
194.23,218.7
173.01,245.04
298.65,286.52
297.84,29.83
885.77,105.06
692.74,144.25
171.6,58.0
731.28,20.22
86.13,140.28
335.4,160.65
198.76,35.66
783.62,88.56
425.85,95.59
821.81,176.08
152.33,253.16
79.73,94.88
223.21,104.39
104.47,150.78
247.37,267.21
277.83,154.72
954.24,132.0
304.16,112.4
357.92,130.42
719.26,41.8
640.08,120.52
92.26,264.26
565.29,191.39
302.07,151.54
997.58,244.49
312.96,257.22
56.39,112.79
282.77,160.74
506.85,295.71
630.86,25.75
808.65,73.15
331.28,51.81
485.4,23.44
662.47,325.67
472.34,232.45
87.82,222.82
762.49,115.99
288.42,186.94
396.34,71.42
826.52,176.54
330.4,219.01
593.78,275.41
413.78,265.97
81.59,223.22
81.76,172.07
921.11,237.87
798.65,216.88
442.01,265.37
427.3,123.03
965.76,21.31
721.52,289.58
268.9,219.27
342.17,179.42
879.38,22.04
83.65,165.28
327.27,123.35
648.31,268.64
936.77,117.41
801.86,191.42
133.45,146.67
160.29,35.36
973.81,165.15
424.24,60.35
725.03,176.23
727.64,263.67
654.62,82.96
100.47,158.64
796.54,257.87
12.0,313.02
415.31,25.57
973.44,59.75
227.3,60.28
299.84,317.63
340.18,176.1
655.29,249.87
994.48,166.06
168.47,108.6
590.02,251.56
402.46,15.27
1025.74,135.14
630.35,282.47
165.44,139.62
901.9,4.41
607.34,205.97
726.1,282.98
628.27,288.52
230.19,141.23
398.71,56.89
705.23,36.91
835.44,74.86
164.92,237.09
481.13,89.98
266.71,183.54
969.16,285.31
381.9,177.61
483.57,138.17
543.6,293.12
614.59,198.14
104.18,211.05
585.89,258.56
939.26,161.83
490.83,173.41
349.25,80.96
388.45,41.09
662.2,231.02
960.94,273.52
741.91,103.4
644.37,156.79
981.96,231.61
65.03,103.53
822.5,40.18
165.71,72.64
725.1,167.33
126.619995,223.77
811.09,106.83
97.86,241.92
636.04,30.18
906.99,126.39
882.01,51.24
665.65,123.02
305.66,145.15
508.69,206.79
595.52,240.22
61.01,274.24
533.88,184.77
362.64,97.9
861.5,133.06
121.19,206.41
92.01,276.68
80.86,289.6
157.23,285.56
445.32,95.01
732.24,320.39
309.57,114.9
180.66,58.44
694.05,155.29
646.06,100.22
158.22,301.54
453.98,74.03
330.03,160.25
202.94,88.04
47.16,308.87
366.94,208.11
426.73,145.12
592.23,207.88
751.83,50.45
562.01,95.28
665.67,243.32
589.34,223.25
559.41,151.02
808.3,251.52
803.93,243.67
289.78,180.93
897.09,299.28
640.11,101.16
463.46,282.05
888.33,171.26
359.01,321.9
655.86,263.27
443.92,324.81
782.78,178.99
674.43,274.61
264.14,197.33
303.3,219.6
448.17,305.16
421.25,88.65
196.03,130.29
319.26,270.64
175.74,126.69
802.45,226.57
545.92,59.43
378.66,212.98
968.64,289.06
578.32,232.96
844.33,102.26
1008.84,149.75
694.58,239.66
430.04,289.07
634.64,264.09
841.62,110.85
817.96,158.9
559.27,163.89
822.35,54.98
809.5,137.45
704.08,230.96
981.61,147.43
309.57,340.91
573.5,55.59
707.63,47.49
526.57,126.56
470.73,239.0
61.85,284.56
642.83,267.51
976.63,171.21
962.26,223.75
644.52,120.46
156.14,276.9
414.96,350.56
124.29,105.7
969.06,0.53
649.89,38.12
422.24,78.36
391.61,138.15
104.9,202.11
172.21,91.77
519.78,282.85
909.85,137.1
422.75,156.16
492.03,11.76
100.25,284.51
475.33,141.83
756.64,139.51
70.79,145.62
982.67,163.48
413.18,90.64
142.71,214.59
353.2,48.84
832.96,31.36
371.89,213.11
555.44,254.88
264.1,8.21
932.12,104.23
250.54,301.88
947.39,120.09
285.08,87.62
600.27,170.82
969.92,186.66
27.72,330.85
661.82,290.26
167.79,239.28
819.46,78.95
764.06,93.56
976.69,138.31
786.99,187.47
692.69,294.3
101.19,112.7
120.76,263.88
960.9,296.09
595.92,126.28
1.0799999,284.62
692.32,298.34
169.93,350.59
408.3,50.62
808.22,114.0
212.66,122.14
604.86,134.67
503.11,297.74
638.41,71.69
730.39,252.69
120.52,216.35
807.32,180.82
443.25,90.72
993.96,243.5
162.64,135.49
715.36,259.02
593.52,225.99
493.75,254.07
64.23,273.43
489.13,199.8
921.57,224.19
145.04,245.34
818.99,61.78
452.43,247.8
761.95,77.48
405.98,117.96
243.18,32.5
486.66,177.39
807.47,130.16
393.55,171.26
977.88,198.61
158.84,148.76
721.13,351.43
539.83,269.26
645.78,321.72
469.92,248.32
805.28,97.69
399.38,156.04
94.13,179.09
396.85,98.85
167.01,312.11
587.04,144.56
405.12,152.35
79.74,82.68
890.45,73.87
699.37,63.480003
96.23,339.67
933.76,131.05
101.39,96.8
314.77,37.72
964.08,275.82
649.91,150.23
262.36,323.71
34.02,320.62
469.11,251.97
334.88,44.92
113.2,353.15
580.32,120.6
885.83,43.81
469.49,213.32
768.55,131.19
808.24,204.51
869.69,247.65
326.76,113.58
368.47,124.1
370.64,145.76
0.6099999,22.57
250.73,251.13
406.85,205.05
546.16,154.58
564.51,194.84
296.29,217.32
340.78,168.41
956.1,243.31
491.26,276.06
404.29,123.32
397.58,165.13
544.0,183.94
873.03,136.61
575.51,29.98
550.52,142.92
1022.07,88.41
691.96,265.75
587.28,248.72
259.82,328.19
87.91,320.26
12.26,343.28
572.07,74.85
680.06,217.0
439.96,65.52
835.4,261.41
853.93,141.69
565.89,197.1
890.86,112.61
437.82,72.14
507.58,270.74
1019.28,223.6
294.58,176.41
993.31,193.77
742.39,35.36
486.91,293.32
651.97,266.21
440.61,3.46
814.67,90.49
169.17,92.79
87.49,80.73
813.24,192.47
93.54,184.14
108.72,342.49
118.05,173.37
895.09,26.56
771.48,163.15
35.57,264.87
71.17,185.79
760.36,73.94
816.2,259.67
804.44,43.68
594.51,158.58
92.96,288.53
992.42,237.98
147.94,147.95
614.04,115.06
618.55,191.39
350.31,272.93
73.64,133.4
956.01,93.17
22.91,341.85
402.49,219.75
566.46,118.42
565.57,139.35
45.41,324.64
979.44,142.63
552.19,177.94
183.3,45.4
593.9,242.95
448.41,308.65
777.35,167.92
176.07,131.23
371.49,116.48
795.63,121.18
99.9,227.34
517.06,55.53
100.89,129.25
562.38,183.75
29.3,139.68
570.59,63.4
490.85,73.0
1025.24,18.43
249.52,294.88
148.93,311.84
977.2,184.91
648.86,74.4
440.09,24.8
189.15,118.61
323.59,189.58
871.76,52.39
1033.7,100.96
316.77,246.12
577.22,229.4
488.72,289.42
692.92,60.0
447.61,26.79
219.91,5.33
417.98,117.68
375.81,191.73
955.27,235.47
228.07,68.09
382.15,68.42
103.27,286.86
504.33,182.4
120.52,345.58
476.11,64.77
759.96,112.72
709.3,312.77
374.49,123.49
271.69,315.31
582.7,103.98
102.41,195.68
466.34,266.67
306.69,225.23
949.94,271.88
408.12,255.87
741.98,248.43
588.98,202.39
944.62,167.9
477.49,257.91
803.5,138.52
931.97,248.44
162.66,50.77
957.17,222.76
368.18,140.51
463.56,255.92001
998.09,146.57
204.04,139.0
469.23,221.46
600.83,186.67
950.56,265.18
327.79,66.87
984.13,166.02
845.44,90.1
182.77,113.17
202.08,145.31
830.05,97.02
460.53,222.89
67.13,232.94
24.44,268.76
909.69,97.72
111.65,161.66
96.29,253.97
400.78,109.83
619.72,188.03
350.31,69.42
620.73,96.47
620.5,296.7
147.62,261.34
505.06,70.87
161.5,102.0
379.53,219.87
965.4,131.88
868.91,78.96
108.95,131.99
569.89,116.96
566.51,129.57
204.99,155.46
839.67,125.32
36.79,149.02
647.38,71.55
607.74,210.22
141.72,236.61
230.23,131.66
382.82,65.57
478.99,85.64
717.53,93.14
988.6,183.47
1022.26,203.16
940.78,123.87
940.64,247.12
663.83,224.44
876.14,102.38
407.98,209.29
48.04,265.55
382.28,75.33
231.75,64.13
870.89,25.97
582.65,130.6
558.62,90.11
330.27,273.86
266.46,297.97
70.51,247.87
705.45,255.81
311.92,297.35
154.15,294.87
760.1,67.17
381.78,103.19
970.82,212.14
307.6,178.02
423.76,108.43
281.31,69.4
140.78,208.92
961.53,290.68
1037.16,273.27
210.77,155.72
32.71,267.13
154.37,228.53
499.11,158.91
139.41,205.8
312.52,224.91
204.18,126.509995
655.34,259.01
946.65,160.33
820.54,251.23
1031.72,136.17
854.44,77.68
14.57,136.92
172.83,145.52
178.7,98.09
170.24,307.26
563.04,276.42
191.74,161.93
532.72,139.72
626.04,41.9
470.05,99.17
864.27,39.54
395.88,150.23
309.92,97.8
529.91,155.1
47.7,131.65
585.26,141.88
382.97,149.27
124.74,194.48
920.03,90.12
877.4,40.93
817.28,256.44
664.2,102.98
814.09,195.52
306.66,208.99
822.51,194.98
207.43,49.89
383.24,18.87
712.14,82.71
186.35,64.02
92.52,191.43
640.8,124.0
885.19,117.39
382.8,96.84
79.66,273.17
291.27,164.64
486.13,167.67
708.92,25.85
732.5,246.96
403.55,177.78
407.46,197.78
176.23,149.59
860.36,258.45
536.78,347.23
65.63,294.23
764.67,112.2
55.26,280.58
481.26,112.1
738.76,187.92
79.43,159.51
508.54,283.78
227.66,81.9
79.66,320.73
373.4,53.27
438.94,298.21
257.78,207.61
305.87,153.09
111.35,178.09
216.12,158.47
853.29,64.02
267.22,15.049999
845.81,144.48
690.14,124.67
798.0,133.43
195.18,193.77
172.78,64.96
355.7,96.2
307.77,299.53
574.0,280.36
840.59,131.9
678.75,220.38
916.31,182.12
142.4,241.5
349.16,65.34
92.22,148.47
901.91,99.11
392.66,63.97
90.87,111.45
396.33,102.92
933.03,83.34
103.17,207.6
195.8,143.31
49.12,233.34
673.68,261.51
422.14,152.52
772.38,114.7
404.13,49.59
239.76,127.96001
103.07,110.76
1035.26,126.39
629.14,21.23
849.36,77.58
63.17,216.45
329.13,135.63
860.73,81.2
97.85,261.01
702.17,100.57
565.4,289.28
373.36,107.32
970.87,281.44
622.79,77.65
826.96,39.82
919.52,44.99
88.39,302.86
841.42,104.73
333.87,305.66
815.19,189.17
760.05,143.62
384.92,71.18
737.26,98.83
560.77,159.22
241.29,353.45
102.66,168.27
578.8,77.88
694.27,218.76
107.43,140.39
259.66,271.69
1044.97,131.67
504.79,195.77
320.49,308.87
806.36,198.31
643.49,56.55
196.86,98.84
260.52,150.44
905.45,206.75
670.62,231.9
486.9,236.91
484.34,211.46
572.04,121.9
346.53,48.91
85.31,290.78
556.57,279.24
325.5,333.78
946.33,258.94
217.07,336.94
103.46,226.76
819.43,141.29
930.24,98.44
314.22,94.24
335.58,165.73
97.14,113.38
568.19,173.15
970.4,306.33
994.68,212.59
404.45,183.86
1009.9,230.32
645.18,53.39
973.3,109.12
31.150002,292.23
312.82,246.71
805.37,144.1
820.6,164.57
526.64,149.19
594.25,291.25
146.59,253.32
285.74,141.3
1035.77,165.7
804.76,195.7
407.5,121.68
20.38,159.17
387.89,193.97
184.18,121.14
793.27,48.94
478.19,94.74
452.0,251.9
13.63,310.89
204.02,209.79
226.7,50.49
694.21,334.51
508.02,236.8
343.32,33.83
668.01,222.11
582.54,42.07
187.1,98.31
289.58,315.03
451.4,292.2
737.61,129.36
968.64,259.21
409.41,205.64
165.69,115.55
971.85,314.03
173.15,297.18
919.97,132.98
188.53,326.31
383.12,354.61
298.21,196.04
753.13,35.41
680.01,209.99
197.62,228.8
978.74,155.89
273.89,149.46
626.73,46.44
636.48,22.61
229.63,134.79
778.26,155.26
255.56,312.0
1002.61,161.53
326.61,221.42
611.68,203.44
467.19,270.65
318.43,252.91
634.39,218.47
608.27,41.94
562.37,306.42
269.07,175.93
753.45,68.2
737.17,199.8
663.98,228.15
599.1,205.3
941.4,255.97
155.74,290.95
878.39,95.57
207.93,73.34
671.12,129.98
522.9,208.08
401.39,160.04
851.96,84.33
915.42,161.13
1002.88,303.11
958.4,251.83
816.04,147.12
670.57,291.02
47.66,312.5
514.35,196.62
197.87,187.99
395.83,173.39
434.71,86.29
739.37,225.37
321.7,126.94
270.09,306.15
301.56,93.11
761.72,293.56
598.68,191.66
260.03,243.59
916.15,217.44
214.66,148.66
485.85,188.85
692.39,257.27
1022.27,334.7
657.29,301.03
139.33,277.1
949.33,205.47
809.76,254.94
306.32,92.47
318.79,321.61
384.82,156.32
85.45,281.17
106.2,289.56
811.03,95.94
688.09,221.92
549.79,152.21
822.0,7.71
29.67,282.5
387.36,122.4
144.53,303.95
849.95,170.81
466.21,238.5
1.2,262.87
219.79,135.54
476.77,212.2
384.41,145.38
441.02,38.45
816.42,112.6
1035.79,150.53
179.03,253.66
696.41,210.61
963.12,124.95
324.71,128.9
767.24,231.75
449.29,302.16
204.68,123.55
196.47,164.73
646.3,114.93
688.02,228.86
101.81,222.96
296.38,64.55
1011.36,95.71
392.15,113.22
241.64,270.75
318.86,77.63
405.84,136.8
170.21,267.47
706.87,304.4
341.58,151.42
419.81,226.26
107.68,173.62
173.21,129.84
455.67,265.76
191.63,121.2
508.26,191.24
587.92,169.35
576.52,135.09
670.13,274.93
361.68,89.78
748.22,124.03
794.17,172.27
833.23,86.31
693.81,235.83
580.18,89.89
951.18,201.99
580.47,27.69
348.04,175.29
439.07,106.12
425.75,245.19
377.28,131.55
249.46,288.09
717.08,89.81
385.56,222.79
447.63,298.97
738.9,244.36
469.02,255.25
688.52,218.07
983.22,145.0
739.34,106.33
213.36,58.33
734.76,258.93
490.0,279.82
608.11,88.43
289.38,176.87
764.57,118.98
588.99,194.4
157.77,4.07
810.78,258.31
807.49,145.84
554.89,85.73
690.86,146.74
172.55,107.67
404.06,165.37
588.76,155.42
603.57,174.68
426.5,150.54
199.96,123.66
691.43,309.12
835.15,145.23
602.09,182.74
462.16,237.2
766.49,288.41
333.81,174.56
106.69,143.86
274.08,140.46
281.38,194.78
959.1,85.54
775.36,187.3
413.96,249.44
588.07,61.73
811.29,198.62
451.35,33.95
692.93,269.92
157.55,231.16
320.61,325.65
332.38,167.62
330.18,22.99
236.18,40.03
619.03,101.6
218.25,105.63
720.79,284.95
393.72,12.68
90.73,163.25
1025.41,184.08
693.98,290.75
589.81,232.46
458.87,42.54
498.18,320.14
710.94,298.62
548.47,42.24
646.56,77.64
108.41,312.6
642.63,41.82
384.88,48.67
422.54,82.26
399.54,71.39
962.03,280.92
106.49,325.06
154.63,83.16
112.69,244.64
650.48,332.17
265.48,68.72
144.19,276.76
348.85,200.8
98.45,109.53
88.95,154.39
400.69,48.55
828.53,149.23
205.39,331.28
844.54,65.31
156.41,97.62
266.57,187.26
856.02,134.21
306.53,171.82
805.34,207.64
70.45,189.38
178.59,151.68
823.42,88.21
199.28,232.56
665.92,112.15
38.12,259.42
987.09,278.88
848.23,263.61
795.21,191.38
315.68,105.66
460.55,176.35
196.82,89.02
375.88,152.37
16.56,309.83
296.24,125.96
534.64,322.76
646.36,67.47
902.91,75.07
636.98,169.95
262.83,170.7
161.01,132.3
855.74,220.5
425.23,86.08
131.6,305.45
296.66,182.95
478.01,122.67
482.48,100.27
48.18,295.85
632.82,90.27
308.44,250.33
298.73,166.35
488.61,191.24
83.07,293.51
604.12,227.6
104.04,104.64
609.59,141.41
333.76,184.41
496.82,274.84
316.59,113.6
387.54,68.81
574.75,24.89
622.18,26.17
932.73,2.0
351.61,167.03
693.84,287.03
748.92,132.27
562.87,67.99
629.01,153.5
564.5,146.55
478.16,134.0
405.22,129.94
246.24,86.3
802.92,221.93
125.2,253.15
403.95,114.48
575.56,77.64
199.32,174.97
100.6,143.49
760.05,70.46
487.36,217.02
82.47,297.04
429.23,13.56
471.51,298.64
807.92,193.36
846.99,160.82
314.45,285.99
23.08,104.89
702.66,210.28
632.03,277.11
805.96,122.86
791.28,169.77
630.65,270.38
128.77,296.94
571.01,111.72
46.52,317.15
636.08,276.41
922.55,252.29
426.32,127.58
956.19,239.65
583.68,134.64
151.11,308.29
429.48,285.18
85.07,145.75
346.6,179.45
199.53,278.71
771.37,42.26
967.41,252.47
443.21,35.88
595.95,104.14
992.04,159.16
551.67,172.12
13.39,2.77
977.99,302.78
319.17,266.77
712.46,252.2
791.63,195.74
1023.5,351.69
945.66,193.78
971.7,309.72
300.75,102.84
772.15,148.2
390.57,44.56
915.82,147.5
724.01,291.63
228.14,24.29
554.0,82.94
758.11,51.72
409.62,37.15
555.79,172.71
101.45,348.81
751.2,321.23
788.12,153.69
107.25,198.36
782.88,100.09
720.16,306.63
664.68,278.19
175.77,90.94
511.84998,130.49
404.43,126.18
367.26,26.8
304.4,170.39
644.1,264.58
828.27,209.82
688.48,225.3
361.7,117.55
507.78,231.42
160.18,275.78
933.08,226.13
259.77,166.98
541.21,142.23
213.76,87.36
596.1,233.06
957.45,248.32
883.48,251.58
522.7,220.21
404.76,132.87
277.8,31.3
979.84,139.24
799.47,176.55
761.34,147.67
470.03,207.34
467.55,227.76
637.62,350.13
445.41,104.8
925.8,101.77
752.4,103.16
885.53,66.11
337.04,169.03
923.18,196.58
746.56,153.15
199.58,109.81
249.91,243.18
511.38,178.91
931.88,216.86
696.72,188.07
541.69,162.76
691.6,188.87
428.33,132.39
66.34,157.72
810.28,207.28
587.21,281.65
781.52,285.96
818.51,181.04
769.46,135.53
333.87,188.02
48.27,330.94
220.54,138.94
821.58,93.08
553.97,183.34
53.42,228.64
930.65,96.11
438.87,272.83
806.51,245.77
969.72,92.87
156.24,234.33
720.76,248.97
575.53,61.08
824.9,135.32
810.57,79.38
1006.75,318.7
382.5,124.11
445.55,84.6
303.98,85.61
541.09,254.53
576.17,70.33
684.87,270.86
241.24,202.63
600.07,271.97
192.53,276.98
259.94,315.1
700.11,250.22
693.73,148.69
717.96,256.09
550.41,162.05
720.91,228.31
143.09,43.76
337.77,316.99
443.08,155.94
811.54,169.62
148.28,315.37
327.4,47.51
716.56,283.59
991.09,200.46
217.33,76.12
779.49,14.02
568.51,217.53
89.07,219.79
37.9,255.87
157.04,238.1
227.21,226.41
396.32,146.65
621.33,69.57
586.72,55.35
729.94,235.46
617.55,204.22
941.94,271.97
483.3,15.030001
899.88,130.39
1000.62,201.75
296.19,107.07
996.37,136.92
410.68,99.81
348.45,53.82
408.74,56.29
604.55,187.21
57.66,162.01
802.35,182.56
173.64,290.53
473.94,330.11
262.53,257.75
805.64,64.16
1010.8,345.46
319.12,306.05
712.66,179.16
166.53,112.91
976.0,115.37
175.46,137.81
25.91,199.64
409.75,27.11
806.38,210.49
119.21,242.29
735.46,310.6
46.27,207.57
234.34,115.69
199.2,53.57
466.99,284.58
615.36,137.91
320.31,263.24
310.54,254.18
961.38,174.22
380.3,1.48
445.09,257.58
671.53,297.75
305.1,198.1
659.19,251.92
714.13,301.37
285.82,133.66
586.52,164.43
814.21,45.65
903.33,203.75
689.76,4.58
746.47,215.51
303.04,211.79
148.86,257.55
160.39,77.39
112.68,249.28
1003.39,235.88
916.12,132.98
790.77,192.44
137.39,309.74
454.7,162.4
1037.5,208.5
847.42,154.58
926.69,98.83
723.52,251.41
104.87,78.89
415.07,81.43
941.46,115.94
524.11,258.5
128.19,197.31
64.95,268.04
393.71,73.32
555.37,176.77
687.55,46.75
262.62,73.07
541.98,274.03
509.03,268.03
359.52,106.28
712.49,229.81
151.76,214.45
217.05,72.88
187.13,54.1
868.01,32.02
1003.01,241.62
577.27,35.9
248.15,166.94
256.11,316.7
647.33,89.74
187.17,272.26
1024.02,308.94
300.74,203.28
531.67,240.43
804.75,155.02
809.74,270.08
393.44,68.32
195.86,126.44
123.83,217.53
895.96,186.39
432.12,61.13
65.71,270.88
325.62,236.91
468.57,231.04
574.26,100.16
412.78,152.76
1006.24,238.8
748.6,120.81
500.64,214.77
188.63,109.25
915.75,197.3
956.69,62.839996
422.15,159.56
188.71,190.5
786.24,193.11
811.89,93.46
832.37,170.05
489.73,304.1
541.98,21.83
811.25,64.76
359.87,193.71
858.46,311.17
130.45,300.95
989.24,105.16
720.06,243.58
720.46,272.59
640.1,49.15
599.34,257.27
427.55,99.8
15.530001,62.2
994.61,223.44
967.27,192.67
267.78,315.0
590.71,255.34
966.07,30.04
122.18,269.53
726.42,252.39
934.35,234.02
301.37,208.04
648.59,94.32
598.59,116.41
616.46,297.78
915.52,150.87
3.79,11.33
219.14,97.46
690.3,195.91
992.67,208.09
325.74,146.69
308.79,236.45
796.93,209.52
322.23,249.84
180.01,50.08
646.04,261.35
638.08,32.58
782.47,171.23
627.27,60.04
190.93,78.96
412.84,257.87
563.45,200.71
170.19,98.98
474.38,44.13
737.3,261.25
219.05,70.26
926.86,106.82
277.82,243.01
808.06,186.89
817.47,92.45
692.75,169.09
822.34,220.76
54.86,224.62
319.18,235.91
143.45,272.95
646.49,127.53
563.29,226.92
455.42,304.65
140.77,66.17
736.09,89.34
621.48,61.11
973.51,168.53
751.18,288.04
926.25,199.7
280.8,149.04
784.55,353.86
235.92,209.64
104.37,117.48
423.63,296.1
246.1,282.95
893.51,133.7
96.1,134.9
395.57,227.81
828.98,78.65
252.18,313.19
478.11,30.880001
695.33,243.16
66.29,213.77
89.88,208.33
345.78,88.73
571.85,234.39
804.96,192.34
22.29,168.8
317.99,315.44
481.95,313.91
776.88,152.53
89.53,280.09
101.03,296.97
916.36,311.03
936.59,150.5
583.45,98.42
444.91,32.12
396.46,40.63
212.52,152.35
922.43,297.76
74.67,333.05
597.45,214.87
1011.63,154.84
924.5,216.16
713.93,101.06
599.76,210.56
481.05,202.03
123.54,221.29
760.56,289.08
533.36,257.14
252.13,228.63
1015.75,132.12
583.26,271.85
403.87,148.91
354.39,189.4
481.38,310.78
310.99,306.04
79.78,154.38
247.6,43.2
226.7,90.8
967.88,114.99
531.79,245.08
1018.93,168.08
823.73,71.4
296.96,87.79
784.44,118.23
626.64,55.51
394.26,144.15
854.23,137.75
82.4,279.66
703.89,286.84
805.75,220.47
341.53,58.44
846.92,157.65
569.64,102.82
428.34,61.66
465.86,205.57
605.94,218.37
416.25,10.36
728.75,105.73
142.71,71.41
619.31,92.8
562.22,180.22
173.67,186.9
362.63,102.18
387.57,75.0
309.53,240.0
359.99,20.39
1015.57,204.68
411.71,110.16
123.81,266.18
436.13,76.06
633.71,37.54
970.76,199.26
466.0,235.14
488.06,209.05
383.15,141.97
420.83,106.07
379.2,27.87
988.74,179.86
325.39,230.44
498.51,133.4
44.37,257.91
221.33,257.89
504.27,302.71
346.16,73.61
977.24,288.61
687.03,256.02
427.74,253.57
177.94,267.93
342.61,127.8
749.69,81.25
373.31,81.23
168.58,283.7
330.8,194.45
972.33,322.59
713.49,121.61
632.46,294.88
805.68,127.869995
262.17,30.1
402.26,193.0
348.31,320.71
453.93,276.3
967.26,241.3
386.89,164.14
490.51,150.27
232.47,214.01
194.07,133.84
229.38,120.1
490.6,219.78
682.6,110.68
162.36,62.15
833.62,140.79
695.23,203.68
381.09,113.85
430.62,311.1
242.42,109.26
753.14,136.32
45.25,241.69
1029.32,224.99
85.73,308.56
688.77,250.65
75.47,205.79
789.54,305.57
727.11,308.72
261.86,65.58
294.04,146.72
325.01,102.88
291.3,119.24
748.27,170.36
560.91,170.74
749.8,62.730003
180.94,102.46
364.27,136.07
862.27,119.73
809.93,262.48
371.33,280.02
606.43,161.0
352.67,238.88
790.62,7.92
770.57,152.42
745.47,128.2
845.06,148.09
624.98,138.91
863.07,236.02
706.89,186.38
885.31,62.65
249.81,246.39
807.4,51.37
734.48,303.34
196.83,102.67
821.56,231.9
408.93,11.66
103.36,185.03
686.44,307.25
124.6,120.09
160.9,244.14
196.8,214.47
394.23,157.76
689.97,181.49
12.54,111.93
195.5,171.06
21.09,259.9
702.85,196.94
582.31,94.34
359.25,95.53
613.5,122.11
161.54,248.93
441.93,54.27
665.57,287.47
160.13,48.29
181.5,137.05
169.38,70.14
366.63,131.86
158.04,324.21
227.17,246.4
684.72,208.52
540.59,303.6
623.06,197.82
152.79,105.65
96.78,267.02
433.5,116.22
246.26,328.06
432.62,284.07
730.26,138.49
527.67,54.32
808.61,196.31
101.93,281.71
566.24,351.48
341.87,288.14
495.28,262.92
489.9,212.63
181.04,53.39
722.58,116.2
722.76,34.52
708.43,238.07
327.33,247.76
305.76,161.28
694.86,229.9
525.86,218.67
872.43,99.77
414.58,196.98
356.46,56.76
42.43,251.24
225.73,47.4
402.28,315.22
73.42,292.67
121.59,260.7
70.04,253.43
95.07,78.29
83.78,231.22
815.54,80.83
57.4,124.12
830.16,104.73
199.66,57.65
197.44,17.17
240.02,40.15
754.85,57.66
494.22,248.86
407.04,146.61
826.87,164.58
151.94,263.08
746.97,70.45
584.78,114.16
429.11,66.02
197.04,182.45
719.01,269.51
89.15,215.58
433.81,82.94
398.72,117.51
52.06,233.9
253.65,224.63
663.22,269.33
715.18,234.76
159.06,56.06
401.36,145.64
409.61,241.12
406.67,46.77
458.15,260.46
1.06,310.75
119.97,86.68
565.33,187.56
388.49,30.31
863.67,122.66
678.54,239.1
833.68,149.18
740.54,114.28
632.84,77.49
138.13,234.99
18.73,303.95
700.5,238.89
90.51,329.67
728.13,260.1
866.72,118.37
758.4,126.83
139.51,326.64
97.88,233.95
940.65,179.31
924.43,178.46
690.68,150.61
62.43,332.77
214.87,206.04
734.82,29.11
33.9,101.69
910.37,116.42
277.01,126.729996
62.29,262.84
860.36,50.86
731.72,269.0
645.12,104.98
423.0,148.02
585.53,94.27
350.86,352.34
319.4,276.09
450.92,296.4
103.95,141.34
420.34,51.32
781.42,167.62
231.59,125.23
606.72,149.18
824.72,110.79
1012.92,147.96
799.26,63.980003
536.9,162.71
340.53,22.8
995.43,247.59
994.75,231.19
103.2,120.53
965.95,211.83
324.58,135.11
898.37,191.4
147.55,293.09
1029.28,145.57
625.65,50.25
256.04,181.23
648.62,236.76
815.31,215.12
801.16,248.27
411.18,68.88
240.63,111.96
55.75,308.94
826.75,61.76
124.79,186.78
901.25,112.48
806.5,248.96
568.54,72.19
780.49,69.75
479.35,126.630005
831.28,248.65
31.849998,122.25
618.63,248.93
39.89,1.19
411.66,208.75
223.88,128.14
591.33,192.29
243.88,233.52
169.66,142.42
85.99,286.68
900.77,195.48
188.14,210.97
310.74,243.11
666.94,97.17
2.02,340.58
874.38,148.26
934.62,106.63
883.64,32.98
294.88,179.81
718.02,265.72
461.96,154.81
422.39,91.74
948.56,230.36
462.89,233.42
254.04,87.42
811.6,184.41
244.1,88.96
324.82,143.04
551.87,79.36
747.25,48.58
26.61,149.66
603.55,109.87
64.62,226.56
403.81,57.81
934.69,241.12
360.34,189.17
485.0,300.46
225.95,145.24
810.57,51.7
803.55,239.89
712.89,255.56
714.23,64.23
320.89,329.38
741.28,65.45
93.36,255.48001
490.08,177.16
465.63,223.32
168.06,292.3
370.74,98.24
982.04,113.44
695.1,152.71
467.47,307.09
499.43,76.72
95.43,91.16
145.7,347.79
561.35,329.88
106.29,205.18
584.79,124.14
677.75,99.58
116.3,164.64
28.06,0.47000003
838.84,150.18
382.79,132.07
475.66,52.41
730.25,303.34
617.68,339.4
482.57,277.54
617.94,106.98
762.11,135.59
111.04,284.76
594.42,237.14
156.38,134.35
231.76,60.9
587.99,236.15
660.16,292.66
484.78,157.71
223.14,124.52
401.93,135.5
759.74,140.65
270.83,261.66
298.84,199.22
787.32,282.3
449.79,39.45
286.5,211.73
410.26,201.99
213.68,243.39
65.49,280.19
288.3,8.17
227.92,76.1
635.63,25.89
717.34,110.36
268.41,157.93
805.34,157.78
967.28,262.1
365.28,51.31
380.78,86.98
424.46,131.12
523.1,224.35
193.05,246.29
160.37,229.05
534.2,4.23
531.3,253.93
2.88,325.77
223.24,76.94
686.78,233.32
784.26,152.2
314.46,50.64
38.6,138.91
633.8,142.8
460.66,241.97
133.47,214.45
356.58,1.5899999
97.5,164.58
726.9,28.17
786.18,79.91
550.28,289.6
421.76,72.56
67.46,69.98
484.92,142.21
295.47,150.68
238.82,218.79
443.57,61.43
968.27,317.94
541.95,296.7
930.69,48.52
78.36,166.23
199.44,141.18
593.87,133.01
497.71,56.63
490.08,285.53
95.98,176.03
806.37,172.45
709.51,221.96
304.19,156.53
290.67,74.77
486.5,214.36
594.19,250.56
211.78,32.13
564.37,213.87
84.75,148.68
519.39,242.84
519.4,140.47
661.72,312.18
602.15,230.98
734.67,60.97
192.77,32.35
752.96,231.42
292.17,168.03
917.09,157.67
634.17,280.38
338.95,163.34
238.23,92.42
231.78,344.66
26.17,288.53
426.09,75.48
361.2,145.53
286.17,81.02
193.24,338.37
382.49,335.07
652.58,112.24
537.55,64.24
829.64,108.02
486.56,180.73
620.63,201.35
833.43,189.9
507.49,197.58
391.75,353.91
421.64,94.98
624.63,32.36
668.14,252.77
653.05,147.31
838.41,267.81
945.26,57.53
404.06,108.68
796.71,82.63
203.02,131.6
173.54,116.09
431.33,122.81
296.28,155.53
943.26,4.98
785.31,172.71
383.51,62.57
483.57,92.85
804.96,230.48
268.93,172.43
976.86,193.48
401.21,152.93
924.8,192.44
915.21,60.01
540.67,222.32
276.83,205.21
574.57,45.18
320.42,259.81
139.16,5.96
266.71,179.45
203.4,134.98
749.41,295.21
271.78,170.84
868.37,108.19
104.1,123.18
385.34,56.0
324.03,265.16
809.02,76.38
721.4,265.88
226.23,54.63
186.74,29.29
971.81,176.39
821.34,58.54
67.8,250.42
480.0,297.24
953.25,227.16
805.65,189.2
352.81,40.92
215.99,145.44
933.85,90.92
662.46,83.22
116.2,167.96
437.27,114.39
941.56,16.26
573.86,58.61
891.59,92.45
696.86,233.1
712.9,53.64
862.87,114.57
412.69,261.05
177.12,55.75
481.36,320.23
382.32,109.53
100.16,303.14
195.63,21.78
615.17,10.8
563.21,300.69
857.22,29.69
168.13,124.13
718.34,287.45
724.41,98.67
717.24,292.31
287.61,197.7
511.44,45.93
351.86,63.550003
794.36,204.45
300.79,97.5
602.07,193.04
424.71,330.8
391.7,126.17
203.18,81.39
682.61,214.67
725.06,102.79
424.2,125.16
467.53,209.52
984.67,158.88
100.13,219.41
394.88,76.51
957.95,280.38
985.91,89.38
903.68,55.59
116.53,307.88
853.45,68.48
518.57,292.51
387.0,159.31
194.22,324.39
792.04,274.43
408.75,41.43
269.25,300.93
304.65,234.81
108.44,201.59
982.44,152.73
1005.34,152.08
89.66,266.46
565.46,135.96
21.34,302.07
1031.58,2.67
750.16,75.55
103.31,153.75
297.66,188.58
712.61,160.69
91.99,171.55
694.76,200.52
251.13,196.87
471.44,174.62
263.36,188.92
620.82,172.83
520.67,232.76
753.7,264.47
253.24,215.3
261.17,42.94
113.19,260.56
708.96,135.65
856.32,53.15
36.47,327.14
871.81,103.82
1044.31,310.54
502.74,241.6
173.25,81.95
801.44,339.64
393.64,55.09
608.02,157.76
491.3,263.1
285.15,55.89
9.8,34.35
706.65,336.71
320.12,239.25
726.77,209.35
737.11,253.08
104.45,294.34
483.05,303.12
197.87,92.99
573.44,94.02
254.73001,299.43
847.33,137.16
760.61,59.46
638.56,27.84
765.71,151.89
997.84,177.16
269.45,295.43
570.22,220.35
174.93,111.82
404.13,161.77
418.35,269.5
426.74,117.53
790.36,69.85
902.24,63.5
486.05,253.09
19.92,281.21
829.14,111.49
834.49,198.99
809.8,142.41
920.05,151.21
778.17,245.48
689.66,161.06
742.33,332.31
497.45,291.91
772.61,155.2
294.55,97.39
693.72,280.55
341.79,192.72
791.69,105.96
775.73,159.14
569.06,92.77
913.56,172.25
925.75,118.13
973.01,206.05
760.11,168.45
437.6,110.45
600.95,312.7
279.68,216.51
924.08,104.09
135.32,297.9
805.5,227.29
767.54,124.36
496.97,194.12
394.2,33.66
581.17,82.14
74.07,343.18
610.26,137.36
258.59,81.51
425.07,134.56
372.83,120.63
393.45,51.02
806.92,183.98
261.01,212.89
621.24,129.38
932.89,27.43
43.08,321.41
913.48,128.8
206.06,112.7
682.65,249.84
778.97,132.25
615.02,206.87
973.66,130.57
242.94,92.92
85.39,304.9
143.5,179.49
798.41,140.89
936.36,121.82
804.66,57.57
143.31,317.47
661.31,265.99
607.65,144.5
321.23,45.17
938.16,94.38
634.16,286.18
398.59,35.13
86.8,278.35
26.31,132.31
17.48,126.84
863.67,92.27
805.97,215.25
488.39,160.32
715.28,295.5
143.52,268.99
355.19,31.119999
161.08,106.87
1003.84,171.95
89.54,270.36
752.66,90.09
664.96,250.14
847.87,87.83
1024.36,217.9
937.06,109.28
232.58,58.04
775.74,71.74
292.66,171.07
820.79,75.64
745.55,349.65
398.37,67.21
957.18,255.54001
224.04,110.61
125.51,191.03
301.53,349.56
995.59,226.67
509.72,318.44
231.86,218.04
799.33,111.92
202.81,66.74
1050.21,151.32
593.48,264.52
967.96,309.16
405.66,188.91
783.44,203.41
344.28,265.85
113.65,233.49
103.64,246.56
1028.11,155.99
777.8,344.9
754.25,82.3
802.81,141.86
249.44,93.43
755.73,136.58
344.81,1.7
837.92,139.4
733.71,98.63
889.86,57.42
188.97,47.19
851.39,125.04
189.8,172.34
124.94,181.94
439.27,32.14
983.34,180.47
513.12,220.06
648.84,156.99
346.55,194.61
341.36,141.02
214.39,111.5
698.31,171.59
672.47,207.2
292.67,152.83
930.83,121.88
479.8,306.42
893.37,118.56
509.95,202.88
82.96,300.72
955.02,282.96
753.15,112.52
505.25,0.68000007
658.9,259.0
415.6,193.42
112.04,294.58
846.97,150.84
61.4,206.18
937.11,311.58
947.23,175.97
622.3,264.25
719.54,262.96
282.87,353.83
194.45,207.44
180.5,47.29
903.88,327.31
208.59,160.15
413.09,237.93
716.7,85.87
210.34,130.99
536.88,82.48
176.71,140.73
549.83,83.22
226.72,72.51
21.58,143.62
286.74,189.91
815.09,102.89
529.39,236.51
449.03,258.97
469.86,48.65
602.97,56.62
1003.25,109.26
964.12,141.14
579.13,73.11
571.83,87.77
332.64,191.35
471.64,169.32
247.23,253.77
478.2,245.26
593.05,139.48
198.2,106.74
883.32,73.51
543.18,71.19
87.25,124.8
586.66,173.52
540.78,285.24
86.89,136.7
287.33,170.99
825.12,68.89
195.18,177.45
162.4,289.16
982.77,150.04
131.4,341.54
778.19,113.1
1016.43,7.0299997
974.71,306.04
487.58,156.23
878.06,60.72
261.36,112.72
972.02,127.53
631.38,148.99
657.79,255.1
341.77,171.94
66.02,199.72
324.31,239.8
398.58,179.21
223.91,231.23
195.77,201.53
382.17,72.58
662.29,246.0
47.79,321.52
592.11,148.36
1029.05,211.68
745.09,113.97
826.43,34.28
68.4,193.92
655.38,126.72
696.93,159.94
241.99,292.81
996.71,112.47
460.11,251.16
463.92,228.29
112.27,157.17
765.42,79.36
935.8,250.76
962.77,285.17
563.28,243.2
81.32,313.83
92.82,261.11
634.79,173.07
989.14,263.8
408.22,243.9
708.8,91.57
321.04,302.54
526.6,244.54
797.83,206.09
705.9,83.24
119.05,169.57
792.51,114.59
748.17,292.35
104.25,146.38
563.09,142.46
493.44,251.43
808.31,201.05
1043.59,142.98
768.23,278.86
252.68,236.89
589.72,132.83
386.15,327.0
439.34,267.82
968.3,293.23
604.41,171.31
198.05,195.6
110.46,126.41
677.91,308.29
467.74,219.19
595.34,151.01
604.25,96.7
499.45,313.56
141.0,258.07
952.89,218.08
295.46,137.85
263.49,327.17
972.04,183.48
57.84,240.29
666.1,260.31
86.07,181.32
132.02,94.08
27.48,277.93
628.12,157.75
532.89,249.02
556.37,55.31
1029.14,193.99
826.56,161.4
454.54,272.33
123.98,228.63
520.22,330.05
431.45,94.6
117.88,252.67
510.29,307.03
94.45,273.78
990.69,270.17
392.73,87.3
707.74,169.86
896.69,47.84
622.24,82.56
843.16,98.35
665.24,265.94
285.41,217.34
312.9,268.94
662.83,273.16
688.43,105.21
182.31,261.0
98.38,237.22
974.74,17.9
954.43,41.56
167.91,136.52
939.75,131.13
933.12,210.46
483.79,150.72
334.46,262.26
846.89,48.89
633.94,133.56
723.58,269.21
442.0,286.68
198.45,112.78
801.43,73.77
464.34,244.39
554.53,90.91
196.9,69.83
60.17,339.26
977.94,145.72
600.08,196.25
747.5,78.57
822.25,36.16
760.03,109.44
229.54,30.810001
788.63,184.44
763.73,141.8
67.37,239.1
471.02,177.63
583.03,106.82
307.73,272.99
387.77,128.68
67.39,229.81
560.25,174.66
81.15,204.5
718.53,332.86
144.18,74.75
420.93,172.62
82.85,310.64
456.78,263.06
272.73,167.89
1025.73,60.88
720.88,98.78
594.05,253.76
723.27,238.43
82.23,303.69
333.83,256.27
76.05,279.87
127.990005,67.68
795.88,179.5
144.87,296.64
989.54,284.63
814.84,86.15
493.66,281.07
855.84,89.41
805.3,203.85
102.38,233.99
1032.52,201.55
661.43,287.49
503.91,51.38
338.13,59.54
686.23,295.17
489.97,226.82
477.31,117.76
404.8,157.54
543.85,175.66
398.67,139.04
871.62,91.56
874.0,215.97
332.57,34.51
270.0,211.0
491.42,267.0
875.05,97.21
322.66,28.15
594.24,144.38
524.31,238.79
926.19,95.11
428.47,114.39
699.71,48.62
772.44,159.55
331.8,162.86
586.5,119.92
502.26,311.43
300.37,106.19
87.9,298.92
537.45,296.98
607.1,154.55
95.38,103.66
318.56,331.62
959.74,303.93
258.99,345.33
699.76,133.22
317.23,59.68
87.31,185.39
656.2,304.92
738.11,280.9
116.05,249.55
759.67,279.25
199.87,116.13
799.88,148.8
704.12,309.62
279.8,221.92
745.84,289.21
891.41,193.78
516.6,28.03
719.22,233.16
451.39,1.73
717.36,132.13
406.62,143.27
157.38,66.85
267.66,283.1
422.56,55.92
463.8,66.67
990.65,186.41
269.29,228.45
98.64,272.94
89.04,114.31
597.48,218.97
450.51,175.14
768.35,171.17
512.26,290.97
945.82,184.6
76.0,172.5
788.14,330.98
241.47,36.21
490.01,180.29
880.82,89.98
113.52,211.02
1049.67,343.99
648.42,253.07
226.36,274.8
253.19,105.05
72.66,220.81
813.29,105.49
229.47,197.05
408.99,1.1300001
668.42,234.03
108.04,176.75
543.03,270.18
526.31,226.2
286.97,122.26
378.55,44.13
220.98,59.15
921.94,116.66
603.39,142.92
354.42,108.37
396.02,79.82
599.19,68.76
438.32,206.85
609.88,174.0
480.54,118.66
754.81,54.24
676.53,223.36
868.87,20.54
467.45,246.25
645.89,97.12
821.08,31.2
323.71,277.72
617.45,195.13
366.36,328.54
152.13,267.05
855.5,59.99
304.17,178.88
290.47,124.69
651.88,119.51
934.65,135.18
244.66,102.77
97.39,211.86
988.54,275.64
436.85,82.76
136.65,100.45
457.65,257.46
994.33,216.02
391.96,168.34
591.42,82.88
463.99,167.16
526.03,62.09
103.62,219.59
441.97,97.82
103.43,137.61
248.24,83.21
802.36,131.5
575.17,52.46
414.18,230.98
984.41,116.28
494.41,245.25
74.36,187.14
150.24,246.61
396.71,89.86
531.28,173.81
530.84,265.61
622.27,179.46
592.27,201.17
547.48,170.31
398.88,105.82
786.48,95.99
169.08,95.98
303.53,96.26
786.93,181.24
298.66,134.06
178.31,83.86
316.03,271.35
589.12,262.18
193.99,198.3
722.12,245.41
780.46,80.36
692.33,327.62
844.69,123.66
963.74,9.25
402.03,105.2
572.66,71.62
522.33,136.7
204.83,129.25
167.11,118.76
876.56,126.78
106.68,213.17
488.9,242.82
422.48,305.48
395.88,44.7
293.38,158.36
502.93,307.09
645.47,47.32
45.3,353.22
804.91,272.33
373.27,136.51
374.06,216.46
451.39,56.62
52.45,302.37
549.07,285.73
569.51,268.56
383.72,119.25
527.35,288.26
934.94,126.96001
901.96,187.92
304.84,184.81
784.48,107.18
391.13,27.43
275.43,345.62
499.51,225.22
986.6,172.79
206.64,166.62
914.46,165.96
692.17,274.33
732.05,120.99
877.04,233.15
255.48001,95.24
533.13,44.98
951.13,314.06
989.04,299.19
376.66,155.68
822.36,79.85
428.17,109.37
625.21,291.62
968.35,195.97
70.17,224.82
687.01,237.07
247.61,263.51
805.82,160.98
76.53,169.08
330.03,146.73
467.6,275.26
784.4,168.27
437.43,50.2
977.46,148.91
724.26,301.85
483.4,265.93
496.38,295.12
556.06,180.28
973.33,180.37
562.33,125.97
884.69,89.93
654.02,314.38
312.57,0.80999994
579.14,243.59
816.29,99.05
438.75,255.20999
174.23,73.86
195.37,210.45
948.96,261.53
431.06,261.22
132.28,311.21
663.25,130.72
764.54,85.35
745.32,266.59
272.03,269.71
88.01,296.12
715.36,82.39
830.38,59.17
247.23,271.16
274.28,257.05
745.94,254.76001
807.99,104.92
484.85,106.2
721.16,294.64
575.67,81.94
253.32,307.96
85.51,12.11
630.62,185.05
349.84,183.32
152.74,93.58
493.0,232.97
821.08,154.95
971.42,194.03
1052.19,129.76
800.09,311.89
146.06,215.59
585.29,9.03
121.59,299.87
838.92,135.5
490.63,282.85
326.68,150.77
257.15,53.67
750.62,255.72
799.51,303.06
792.84,199.04
251.77,297.19
544.71,165.78
275.84,250.43
423.35,113.95
919.21,279.89
87.68,293.08
199.05,170.98
275.27,161.42
304.23,223.42
2.94,153.47
978.1,189.51
970.4,190.65
317.59,249.88
165.96,255.01999
836.92,299.92
673.82,289.37
492.72,197.43
147.28,53.43
405.28,140.7
49.43,250.68
816.52,184.87
102.58,291.44
122.96,78.78
797.14,196.63
145.8,310.24
492.03,184.04
569.87,98.88
983.87,98.56
933.97,230.06
726.3,255.38
442.59,262.03
754.22,87.17
493.86,260.16
718.43,298.24
691.25,303.85
455.62,279.28
885.47,205.36
742.55,120.58
170.35,117.51
286.15,200.34
100.33,103.36
500.23,230.72
350.61,73.59
528.89,247.7
663.52,298.36
941.01,165.19
821.3,83.54
1015.98,224.22
401.19,240.08
283.25,212.85
228.75,79.19
128.46,228.09
916.94,98.73
487.65,174.24
790.15,188.81
756.95,266.12
485.44,199.79
200.01,119.32
609.23,293.6
672.4,228.38
490.88,236.15
42.75,110.76
830.16,36.38
722.66,201.62
882.16,81.69
358.35,99.25
631.08,145.41
493.78,44.6
207.25,233.91
197.76,225.67
512.6,190.41
587.12,116.12
952.66,214.51
65.88,218.72
725.25,106.87
900.16,42.09
87.41,22.31
383.43,89.56
728.65,60.08
629.71,161.8
396.5,23.31
75.08,325.38
236.91,337.9
811.03,82.67
71.0,258.49
307.89,204.37
697.77,236.48
590.36,76.39
466.1,3.5100002
789.44,290.71
611.61,208.06
342.51,183.36
622.81,276.31
489.88,270.66
676.01,212.06
674.11,242.53
231.94,51.8
135.17,204.11
611.43,132.78
268.87,338.6
694.36,194.44
518.99,297.42
416.22,36.42
837.72,178.31
914.42,4.41
977.07,100.73
499.87,316.82
373.9,57.73
162.49,306.35
356.18,92.35
138.57,227.49
760.96,197.12
735.37,116.93
177.82,63.6
859.24,138.75
71.54,352.49
442.83,45.09
589.59,228.5
133.43,197.72
162.77,221.02
894.27,5.0
657.62,218.62
494.55,20.31
489.95,187.56
980.06,183.17
624.5,36.55
136.68,250.84
90.13,126.3
141.11,134.66
39.02,92.71
459.55,24.8
84.66,344.09
910.26,227.09
527.8,275.65
1014.75,228.88
495.41,265.84
59.02,286.17
758.56,56.03
468.94,235.03
995.29,153.78
983.47,288.06
970.79,202.05
290.61,39.85
1026.34,320.7
848.32,80.87
593.71,197.12
304.72,182.05
198.07,61.65
423.5,299.68
542.21,31.849998
827.03,212.94
564.58,102.92
559.58,298.56
952.72,207.85
165.21,86.15
467.61,299.35
517.34,154.72
398.78,78.61
171.05,112.09
647.6,257.94
626.0,64.52
477.67,173.78
205.66,26.15
744.18,106.43
858.46,130.27
219.7,101.72
306.61,88.46
809.61,132.81
293.06,133.93
577.6,114.31
245.11,199.99
686.84,325.9
827.83,20.72
409.82,258.55
584.42,101.65
937.91,113.5
306.96,174.49
600.54,234.31
960.59,109.06
98.22,224.19
959.21,184.0
408.63,213.4
495.42,288.44
890.58,83.72
104.23,215.59
642.41,117.11
146.12,100.33
381.98,82.6
788.24,178.18
425.44,78.98
805.82,167.49
957.84,327.15
491.46,209.86
731.51,256.37
788.6,265.75
409.37,217.46
376.14,322.95
810.12,124.23
361.53,113.99
237.57,30.43
78.84,122.22
823.67,256.47
727.47,297.19
785.02,339.1
414.2,53.41
235.36,103.43
918.48,118.46
331.46,247.22
146.01,68.74
450.4,69.87
435.68,79.33
684.28,243.12
12.7,244.64
494.3,268.3
305.2,138.95
828.99,53.73
756.32,25.77
950.47,18.94
88.04,323.74
621.45,86.38
540.48,264.36
319.17,338.7
1051.17,183.34
378.46,345.67
539.46,290.78
226.04,135.39
226.13,141.65
631.19,180.57
910.46,155.72
868.41,222.94
99.64,230.9
962.19,118.71
475.31,343.0
478.83,90.22
262.7,290.03
381.18,99.62
246.54,257.35
244.55,50.87
265.55,201.61
811.81,119.64
992.45,169.16
608.61,287.93
749.07,302.88
217.29,109.72
490.2,206.59
790.27,162.81
508.25,275.24
110.3,62.42
915.81,109.58
126.04,284.57
571.39,2.12
954.09,121.17
380.4,93.2
439.74,58.0
368.17,149.0
131.36,194.92
569.19,208.52
183.6,299.13
400.47,43.9
169.37,76.35
831.67,44.95
481.98,115.06
422.99,42.78
360.13,197.32
463.09,324.48
832.58,94.66
365.62,342.7
472.78,194.22
481.37,232.94
495.23,305.62
404.13,171.61
257.41,16.5
448.22,314.95
508.65,279.55
73.89,176.73
819.49,170.57
494.43,87.64
946.64,187.8
806.12,117.13
157.74,280.87
93.65,350.27
667.86,270.41
394.04,60.19
435.64,276.07
840.53,168.49
407.0,180.02
948.97,268.16
741.26,23.47
640.14,276.58
514.17,209.41
991.31,2.75
484.78,288.32
138.77,335.68
334.43,93.41
604.76,300.84
588.93,266.3
754.46,96.73
835.79,187.6
751.04,310.35
791.27,159.26
641.88,113.79
657.52,246.13
174.05,235.08
572.59,81.06
460.84,245.16
997.42,161.79
730.24,266.24
713.16,271.45
491.04,245.08
840.72,174.84
291.71,174.02
307.02,291.51
462.0,349.48
185.48,163.33
422.01,3.02
227.13,33.61
161.51,112.71
580.61,123.37
590.4,100.13
809.0,266.11
942.44,84.41
128.74,353.69
666.98,239.82
-0.47000003,298.75
77.53,176.28
49.6,190.53
755.61,154.9
304.07,164.99
501.08,172.31
1029.07,121.14
735.34,241.99
1008.35,161.06
615.74,104.58
750.61,135.41
256.36,85.02
678.83,173.03
237.07,50.6
684.44,246.56
963.21,220.09
749.81,85.5
671.8,269.35
613.49,118.41
65.62,207.16
104.68,158.68
205.78,120.12
822.15,342.43
186.04,238.76
462.29,289.84
920.71,126.78999
197.45,29.36
87.69,230.54
271.04,64.94
778.37,56.57
127.28999,199.99
480.94,323.45
77.81,252.51
664.33,212.6
376.77,61.89
353.62,208.63
643.44,281.31
307.56,83.09
715.56,246.13
702.4,206.21
850.03,236.39
333.21,341.0
266.69,346.29
149.44,320.48
219.92,47.85
74.43,183.06
256.88,74.04
842.55,83.07
571.87,225.22
321.09,290.22
315.18,109.9
364.39,202.06
105.72,70.13
832.54,202.76
592.16,217.91
53.47,103.62
294.99,328.81
236.31,259.12
709.05,259.56
185.88,146.19
502.83,322.13
45.53,151.73
719.18,260.52
522.11,177.67
821.03,316.97
194.99,95.66
899.47,200.55
693.39,323.93
695.53,165.22
577.79,97.72
392.96,95.64
1027.09,208.37
752.1,261.04
259.37,196.41
7.7700005,120.45
478.52,184.47
497.59,201.04
716.87,248.82
659.84,242.81
519.82,133.62
482.75,109.41
528.04,145.72
257.61,214.29
949.55,80.17
66.6,260.54
460.43,35.36
984.19,121.26
830.82,100.9
165.68,247.18
768.76,62.28
589.4,146.54
264.99,166.24
404.92,168.38
656.96,240.83
263.85,160.28
225.25,336.13
1043.73,165.79
548.1,79.37
469.11,189.49
627.94,30.740002
121.58,179.05
664.1,237.19
197.67,236.23
691.26,137.39
525.86,14.530001
682.97,228.51
54.75,29.24
557.2,156.82
458.99,295.44
787.99,157.36
820.73,206.97
558.78,93.67
130.2,191.02
100.68,171.11
103.99,172.35
811.53,114.34
958.32,276.29
490.6,215.94
547.68,278.45
453.86,82.66
839.14,90.78
799.38,171.82
800.7,279.47
750.43,299.53
473.84,89.54
582.79,66.52
982.47,136.16
238.21,44.78
953.87,278.52
5.58,131.75
116.07,202.23
313.86,12.37
588.68,122.13
193.49,203.68
226.67,99.93
317.16,259.16
467.11,279.51
957.43,292.34
435.98,269.89
164.6,108.4
439.35,277.59
789.05,297.49
769.15,108.03
583.59,48.81
757.74,118.73
850.49,151.48
41.39,32.11
968.05,255.70001
885.04,160.29
375.76,220.3
317.56,262.38
612.71,247.7
166.5,39.81
795.89,295.53
140.03,353.48
838.82,210.03
103.65,230.22
371.12,202.67
943.39,173.72
691.57,245.66
194.95,229.23
916.39,154.14
467.34,199.84
732.73,238.35
696.92,156.31
138.54,89.83
275.17,0.6700001
261.89,203.92
387.6,151.09
540.63,51.69
176.99,108.94
802.39,213.63
88.98,129.78
986.95,198.54
382.15,106.43
101.02,242.91
81.38,276.28
695.0,191.66
160.07,98.26
715.44,240.28
186.83,266.69
719.88,141.75
719.8,275.83
402.99,40.98
886.31,58.43
286.26,203.93
711.4,309.44
65.73,235.56
49.7,241.36
589.64,189.19
389.98,37.72
319.56,255.38
677.47,296.15
647.84,64.7
767.7,127.91
545.61,148.81
103.09,301.56
121.88,174.22
646.64,152.38
625.48,210.7
253.94,184.16
750.79,313.73
575.72,290.23
658.41,115.34
1012.71,210.34
120.41,202.71
95.16,169.28
1021.4,215.97
47.58,238.3
42.47,247.75
780.26,175.3
973.44,188.65
453.56,20.44
498.91,210.74
805.94,67.57
582.8,246.6
744.28,67.29
1022.68005,281.84
929.79,168.06
543.55,84.46
611.54,199.8
475.3,290.84
615.63,109.76
862.36,4.99
882.52,66.65
788.4,139.21
430.56,196.36
949.61,195.94
332.53,196.56
484.98,128.22
430.07,127.880005
150.04,76.51
380.78,60.99
299.14,117.68
851.16,58.65
143.17,112.58
172.74,96.09
697.68,83.86
24.46,179.94
905.2,197.91
370.11,265.1
700.27,203.18
574.24,227.97
788.54,100.59
68.42,339.25
243.46,15.32
979.72,108.3
399.44,81.95
574.58,15.24
86.64,189.68
394.59,83.03
99.88,166.76
109.55,224.62
755.7,277.33
582.03,62.78
365.76,109.57
154.92,108.77
579.97,310.64
878.38,115.56
919.41,178.26
589.32,152.44
284.94,63.25
534.91,260.05
802.48,167.61
655.89,96.21
255.06,260.84
421.46,124.3
713.24,217.24
728.22,227.11
303.02,131.01
68.1,165.43
94.44,296.44
823.22,235.92
967.21,199.22
707.41,324.44
390.57,213.72
391.41,141.46
828.21,118.44
297.3,17.16
984.05,170.24
223.42,107.89
198.09,74.74
52.26,285.69
344.38,187.27
117.75,54.2
816.57,34.13
399.32,150.29
650.64,88.87
304.75,188.58
348.24,9.5
624.7,73.83
912.48,215.95
594.31,246.37
190.22,136.87
542.9,145.28
772.35,200.14
482.27,48.18
398.42,130.85
626.43,173.27
808.41,119.9
238.94,60.07
440.26,101.9
225.51,101.94
340.35,14.58
968.47,236.33
973.55,197.01
801.69,29.93
998.75,220.05
78.02,240.89
83.45,283.5
572.07,18.8
198.29,65.71
913.73,211.92
538.69,139.13
402.01,163.6
121.87,212.67
584.98,330.63
195.19,137.1
802.15,156.63
498.56,234.89
931.43,72.48
842.87,114.13
801.67,152.91
177.76,60.89
696.03,162.68
937.27,257.46
844.55,94.16
101.16,174.53
242.48,307.13
363.92,218.16
243.56,106.3
804.32,217.84
96.57,301.94
745.05,298.3
825.81,127.46001
646.55,85.51
83.4,157.27
117.52,146.25
487.15,239.92
124.63,39.91
418.73,261.92
566.15,206.31
812.12,98.77
370.51,49.18
523.11,249.57
832.03,91.65
394.01,47.92
33.49,286.02
747.95,272.85
133.54,307.69
659.86,226.28
309.42,284.47
170.93,101.78
2.71,84.18
901.38,167.43
594.05,50.86
305.87,167.76
130.24,290.25
825.69,168.17
272.79,265.53
297.73,122.61
787.48,92.12
70.66,95.76
485.89,219.43
-1.4,140.43
685.34,212.38
175.13,143.22
797.56,98.21
925.8,111.65
488.97,331.81
812.76,202.14
455.28,237.73
713.96,221.34
189.59,87.67
774.35,48.74
24.63,296.37
477.92,105.41
610.88,147.08
284.77,222.16
380.37,314.35
144.68,290.02
713.47,289.1
674.7,256.72
796.52,125.23
403.0,180.49
485.57,204.24
903.5,45.38
884.58,77.61
574.97,104.39
381.75,117.31
491.06,195.32
644.87,242.84
109.22,147.3
150.82,127.72
803.33,148.8
763.94,47.13
691.46,342.57
82.07,199.02
420.73,165.03
772.71,104.55
727.13,312.39
102.84,156.3
716.04,274.3
225.23,150.33
298.57,241.16
139.41,231.13
312.28,264.38
776.77,149.29
515.31,128.21
72.67,180.31
577.28,92.07
102.99,181.81
99.43,279.7
609.22,213.06
558.96,183.07
256.36,353.59
889.01,61.21
701.29,177.07
401.74,138.94
893.15,64.86
233.43,330.36
445.7,348.9
422.79,116.99
825.22,47.0
463.56,60.31
88.88,275.42
868.89,276.85
467.06,51.38
821.69,135.06
306.35,221.25
181.76,350.24
595.65,154.76
523.7,146.62
498.75,177.84
113.29,195.43
277.07,239.33
940.16,108.68
422.26,186.96
531.03,71.39
649.81,134.9
382.41,78.51
499.02,307.25
304.17,24.92
469.84,243.02
707.64,251.74
827.88,115.08
140.12,120.62
675.48,82.2
33.18,161.24
268.09,162.72
10.2,258.78
930.52,222.73
268.49,267.1
200.28,157.16
924.19,230.84
651.49,102.18
907.27,179.03
729.24,241.63
154.29,224.56
485.59,296.75
144.53,249.81
310.22,289.51
14.32,274.21
517.2,198.5
1010.52,68.65
469.56,262.43
583.08,225.85
233.56,226.29
111.73,237.71
517.11,131.1
246.74,286.7
470.92,124.12
198.52,261.63
770.98,133.54
150.22,221.05
166.06,259.18
107.17,208.47
695.32,97.67
774.56,138.79
457.78,290.83
588.91,218.96
12.24,210.06
594.87,91.7
695.24,226.02
938.59,326.82
784.51,147.58
95.95,154.42
732.92,54.47
794.37,90.22
54.83,296.01
583.62,73.38
966.07,311.77
543.22,287.95
694.94,306.06
962.26,269.34
388.9,162.27
668.33,217.73
861.16,128.29
838.0,174.69
807.74,260.49
15.190001,266.07
753.52,61.14
436.55,125.25
381.03,139.15
432.08,220.8
761.55,81.79
737.86,63.239998
308.49,77.82
69.97,8.4
283.18,137.69
82.37,244.49
850.46,145.57
527.68,233.26
811.75,89.57
314.03,134.03
778.64,48.7
485.72,193.47
576.16,66.28
586.06,252.67
948.63,109.63
58.5,289.65
489.24,298.42
982.14,125.25
444.86,13.45
640.64,44.93
598.84,299.34
1030.7,216.71
110.73,188.4
93.15,269.5
749.02,306.89
749.78,317.59
530.45,150.1
390.77,315.59
168.48,79.22
550.42,50.55
280.72,141.43
399.89,207.08
323.42,221.88
364.79,194.2
737.96,120.45
851.33,73.11
409.62,31.07
976.5,298.94
333.84,181.01
450.82,86.85
788.99,125.72
823.07,123.06
682.27,123.93
812.41,222.52
441.88,49.18
485.28,153.61
177.84,275.88
586.47,136.43
928.08,242.04
641.54,62.49
624.58,253.73
769.42,157.22
305.1,205.57
739.91,124.11
672.89,59.31
958.48,237.65
746.38,74.01
272.16,286.32
103.33,133.72
634.27,113.74
341.74,265.53
924.35,3.44
460.96,285.56
770.38,111.36
1.73,187.83
982.65,102.92
1006.82,135.44
229.34,221.69
442.85,41.69
423.81,214.11
32.08,166.83
412.07,228.6
785.49,175.64
798.63,185.67
152.03,122.52
335.6,253.11
809.17,110.77
174.43,70.0
194.29,272.34
165.88,230.99
733.16,344.51
470.69,37.4
641.62,328.4
401.81,175.08
88.05,99.75
990.21,171.64
403.97,53.41
87.74,316.4
507.1,300.22
904.79,14.84
968.15,296.95
988.29,176.19
961.62,211.58
32.25,275.48
79.96,31.84
298.9,338.12
84.78,240.88
456.02,69.99
590.83,136.72
148.74,121.0
461.6,76.8
0.34000003,271.43
587.34,255.67001
492.98,118.5
269.27,271.82
1001.4,154.3
811.17,85.84
724.77,294.69
386.55,45.39
522.41,39.35
816.79,153.99
298.9,145.77
602.89,179.63
133.38,59.54
776.63,53.7
211.28,80.19
253.28,304.48
996.56,234.76
92.57,197.64
70.03,88.06
255.75,230.22
715.64,237.39
574.71,110.78
113.36,185.12
866.58,15.82
661.42,295.29
217.46,82.53
294.95,118.85
161.23,284.12
92.39,108.55
571.62,107.31
691.72,228.52
382.76,128.2
825.88,65.34
1034.59,74.92
491.63,140.87
590.17,171.59
484.63,56.68
234.6,54.96
247.31,260.54
651.96,270.72
661.31,300.9
54.08,299.52
795.0,39.08
716.02,227.65
672.02,279.52
513.67,78.04
653.73,228.49
805.98,252.64
101.23,256.0
709.81,215.86
576.66,87.33
562.07,187.13
617.38,220.5
45.82,245.56
969.61,226.46
891.28,52.35
811.41,306.2
261.56,208.88
970.38,229.34
265.27,276.96
434.04,119.23
229.85,70.81
611.97,98.51
101.95,149.66
23.93,293.06
970.46,141.81
247.85,73.8
191.32,352.11
988.62,193.34
963.52,315.95
509.13,15.91
644.25,277.39
294.83,302.43
809.9,351.99
634.77,105.89
642.6,250.29
519.87,200.98
340.37,272.01
533.19,153.67
733.36,307.66
343.79,175.38
111.93,241.42
307.91,294.84
176.26,264.48
689.68,214.8
572.27,252.09
176.12,66.89
371.38,333.11
776.85,144.85
245.19,275.17
343.38,69.91
132.38,217.89
346.73,68.75
844.51,117.07
687.92,246.89
919.6,72.37
697.21,183.74
972.88,123.04
761.79,300.24
931.04,273.28
637.94,129.59
812.87,260.07
977.86,152.37
813.4,58.96
14.950001,288.34
481.07,135.37
721.23,94.32
113.24,302.48
624.69,193.52
729.1,216.97
200.75,310.83
280.04,58.05
78.78,351.39
676.08,199.94
702.33,114.22
289.28,131.43
20.09,116.64
64.61,203.01
412.47,254.85
468.14,26.14
329.42,205.29
367.76,44.65
655.97,308.22
545.24,78.24
776.84,123.81
469.63,216.38
760.47,0.5999999
678.0,255.75
974.15,201.41
352.33,84.71
498.88,269.77
334.45,57.82
529.6,250.91
908.35,211.91
152.9,88.9
797.35,182.52
145.44,284.49
96.36,257.66
147.1,227.71
347.49,190.63
294.72,186.34
601.24,292.01
671.69,215.62
264.74,330.83
338.61,54.25
450.17,245.28
662.91,254.38
155.42,126.55
326.81,215.28
31.349998,113.56
837.29,117.49
926.86,147.44
757.47,46.65
152.31,343.1
210.13,163.88
952.77,271.49
733.01,113.44
94.29,141.67
128.81,203.15
599.26,243.03
608.38,151.92
373.49,129.85
226.84,112.78
428.06,138.36
515.26,350.63
136.82,207.82
281.14,247.15
821.95,248.67
157.41,353.11
411.65,233.42
992.07,248.87
518.42,229.93
229.27,88.92
745.76,269.91
544.47,300.56
450.22,312.29
702.04,151.51
843.85,165.55
742.96,110.16
508.05,286.74
663.63,263.26
485.84,227.94
696.95,167.77
308.18,211.31
1030.12,255.42001
642.31,52.2
672.83,286.45
706.63,260.9
539.36,272.53
967.31,265.69
86.88,107.44
657.19,295.77
610.04,260.71
802.88,175.22
783.91,162.62
521.85,211.13
322.63,242.34
668.36,118.37
500.25,258.74
840.68,277.98
169.21,66.06
260.18,173.73
493.41,200.27
484.86,307.41
289.78,128.25
622.54,46.04
623.13,53.26
643.89,171.94
221.92,152.63
60.61,150.65
571.79,318.01
133.63,113.08
376.27,12.48
355.32,184.78
527.02,202.89
104.63,130.12
224.06,131.18
119.04,94.87
593.38,298.18
467.63,225.09
591.29,259.66
838.67,58.55
677.43,249.86
494.79,277.36
181.57,119.73
744.4,132.5
316.25,318.64
107.37,217.01
302.86,100.51
249.58,59.67
277.15,234.09
800.39,126.47
467.17,258.02
227.18,64.47
239.77,243.08
42.12,289.64
430.04,298.74
147.59,118.19
589.05,175.88
950.64,190.37
401.42,67.31
399.41,38.41
227.6,108.97
485.74,171.63
628.82,27.94
498.04,222.27
685.19,239.6
774.52,166.3
798.35,129.1
499.12,265.89
580.37,85.39
946.61,181.39
721.63,319.51
122.3,209.69
27.41,293.2
487.8,233.42
447.61,252.79
21.87,309.82
280.61,152.5
796.58,200.97
634.21,249.12
95.39,315.85
817.87,27.69
712.28,194.92
251.41,90.1
740.49,266.43
931.22,61.31
276.16,246.64
82.65,190.31
218.7,142.09
816.97,162.57
807.24,149.66
120.93,186.19
195.11,73.23
147.11,80.63
498.55,206.3
754.5,281.95
552.55,284.36
367.8,116.81
421.02,168.89
422.94,120.88
136.42,219.99
321.87,273.6
383.38,35.82
988.74,116.86
423.87,139.91
280.58,226.04
656.85,140.22
105.37,298.84
566.05,112.48
377.13,56.87
251.82,320.52
698.32,200.26
247.99,207.86
252.27,188.15
938.44,155.62
570.22,49.43
983.33,155.94
1010.92,214.27
341.07,325.47
362.12,8.79
963.92,293.8
85.09,215.05
559.78,177.76
78.88,258.45
749.55,56.93
782.45,77.21
237.93,100.65
75.75,215.36
284.59,207.9
178.27,114.51
839.69,183.97
707.2,212.54
381.1,54.38
349.06,60.18
692.24,203.89
758.82,339.89
565.71,59.05
601.5,1.23
1015.64,159.48
700.14,145.28
64.79,136.16
783.41,83.49
734.64,134.54
372.23,352.16
979.58,291.84
400.28,63.78
187.13,37.39
823.29,180.62
641.23,180.88
738.01,164.65
518.28,301.69
385.68,111.6
675.11,110.06
390.62,58.99
573.48,41.57
663.14,258.72
561.01,39.51
847.79,131.16
804.06,200.18
918.77,129.49
652.89,309.79
845.66,140.26
223.48,113.58
201.59,167.13
722.55,87.53
865.3,153.2
638.65,166.12
195.15,146.59
469.61,180.18
88.98,121.67
337.54,66.92
413.73,171.67
173.18,88.42
34.16,237.62
581.02,213.3
167.04,61.44
317.34,297.17
922.77,122.55
959.78,234.35
670.0,257.55
778.72,66.26
228.72,117.13
249.73,191.25
802.03,145.34
514.12,216.71
900.83,31.369999
572.61,145.26
184.9,263.45
979.86,168.94
951.05,100.37
179.68,155.41
1008.45,233.99
417.85,139.99
660.79,283.63
719.32,153.25
637.3,234.28
805.15,236.55
854.41,101.58
95.09,107.21
745.88,117.56
497.95,282.88
864.82,43.75
661.09,322.59
197.76,150.99
960.33,264.08
208.57,343.15
410.23,253.04
612.06,227.55
130.78,206.13
988.56,189.74
974.59,135.18
915.33,13.07
508.95,251.71
847.44,74.63
910.27,105.61
103.42,93.09
487.38,230.48
758.07,98.46
623.08,121.66
508.19,215.56
276.16,145.86
499.33,29.09
246.55,99.76
841.2,23.89
650.41,315.41
315.7,232.38
147.5,287.65
751.64,277.82
804.63,233.43
173.27,77.7
642.15,270.55
636.88,271.18
663.12,241.36
227.87,294.15
348.53,57.46
314.3,236.32
502.18,272.49
454.89,242.45
987.92,326.34
684.52,145.75
926.77,157.77
763.78,145.03
707.03,129.15
98.86,106.1
30.849998,340.81
420.74,111.56
339.73,203.89
330.01,11.52
1025.87,213.77
629.51,192.68
89.14,118.0
272.7,330.35
242.53,183.79
66.49,256.11
446.41,328.7
786.6,214.72
709.9,16.99
728.28,92.95
265.88,354.81
986.86,271.73
83.21,152.11
831.2,81.41
561.22,192.04
977.81,164.45
415.35,204.83
817.89,83.81
72.75,315.72
949.12,90.22
355.97,85.73
567.47,133.43
558.8,295.75
400.87,171.62
567.63,123.06
936.55,138.48
97.28,63.78
892.85,45.79
762.49,105.74
172.12,85.78
780.67,136.19
180.58,257.74
565.06,89.97
346.7,183.65
264.25,334.49
196.19,190.66
674.99,226.05
590.68,182.88
838.3,100.57
1016.24,239.35
427.38,43.11
535.64,273.16
418.77,254.23
527.29,241.04
626.14,82.36
-1.53,123.46
453.12,321.93
569.28,27.85
153.71,304.82
346.67,270.65
787.21,145.59
960.36,101.54
498.18,278.58
149.54,102.06
103.65,198.96
993.77,251.51
765.35,147.63
691.79,232.39
650.05,69.36
401.16,121.75
827.11,49.55
946.43,282.59
493.15,1.77
1004.44,233.18
665.14,293.67
697.98,270.96
422.35,19.04
94.97,251.3
426.89,105.61
1006.86,144.0
883.21,70.37
647.16,273.34
706.43,246.82
309.39,246.18
968.88,268.83
334.56,177.88
948.44,199.88
285.91,21.98
118.81,256.26
150.62,302.8
421.51,85.56
407.85,251.79
230.03,74.11
669.11,262.83
712.37,209.59
358.48,299.89
79.01,144.71
892.5,55.57
828.59,157.02
310.06,330.97
823.83,171.88
189.37,128.44
332.95,54.34
346.17,304.59
718.89,278.52
569.02,105.73
915.34,350.35
390.01,166.32
251.8,36.13
491.01,57.61
312.38,281.78
431.16,99.28
688.87,240.0
401.51,308.34
578.71,67.79
797.91,237.34
924.13,22.61
815.77,178.27
572.38,38.29
310.46,216.26
839.06,193.34
227.02,128.0
279.85,42.26
823.11,50.6
88.48,259.73
272.33,49.95
1025.49,165.09
842.53,107.91
690.92,114.64
310.45,314.59
542.41,76.21
367.49,203.9
417.97,304.31
741.5,310.38
458.32,229.43
197.35,179.59
66.02,311.06
524.48,306.28
154.64,273.0
481.45,317.32
1040.86,29.65
312.29,105.36
672.91,293.64
533.77,33.58
107.99,185.1
289.06,156.14
795.19,108.54
118.87,198.54
104.24,126.03
127.59,238.14
271.23,275.19
583.73,88.02
79.15,270.08
130.27,210.1
108.71,118.81
287.73,136.86
333.92,234.13
918.39,123.79
173.2,262.84
476.21,75.44
309.32,228.53
225.12,116.69
472.5,322.86
754.43,305.96
922.53,112.38
83.71,132.59
736.32,277.48
625.18,108.93
403.77,199.86
714.42,277.75
811.5,102.14
218.99,155.5
754.46,144.26
411.36,223.48
895.69,51.41
830.98,88.75
741.63,278.06
438.3,62.06
1015.61,208.3
978.75,295.41
405.76,247.44
797.29,154.72
975.52,126.2
922.66,203.82
126.509995,114.77
328.85,153.47
882.39,132.48
380.78,158.09
650.72,60.06
983.9,94.69
642.77,32.22
682.33,194.2
639.56,88.27
421.74,133.01
466.24,215.13
645.78,287.72
252.13,233.39
1000.55,255.93
876.17,70.9
23.11,241.36
18.05,11.49
291.83,347.71
504.77,291.88
536.83,157.25
777.09,59.77
351.52,187.23
41.99,169.75
805.08,61.07
316.69,117.24
70.69,192.12
732.17,94.48
815.28,132.62
412.75,225.9
460.84,226.28
169.28,73.77
779.07,128.54
159.6,59.7
1050.18,36.68
184.95,42.08
562.69,153.53
785.17,91.16
1019.82,150.46
122.84,307.13
587.42,138.87
433.71,57.42
757.33,7.63
865.72,27.47
432.87,104.38
402.23,61.32
985.07,176.95
157.42,259.23
175.59,123.42
791.89,247.15
784.6,183.51
670.51,265.66
285.47,146.41
393.11,79.36
303.64,148.17
885.96,221.45
354.89,89.07
143.55,57.86
73.86,197.31
662.46,204.02
767.78,42.68
85.91,312.5
306.35,98.95
415.68,218.72
734.86,156.8
819.26,88.27
105.41,223.38
985.57,313.6
88.38,249.73
490.28,166.86
397.38,84.45
559.54,80.99
720.78,217.86
231.79,67.73
991.64,95.83
697.46,246.74
136.59,223.97
652.5,251.99
568.31,108.78
617.35,80.56
719.48,225.01
817.1,95.64
410.7,340.01
233.41,122.7
691.69,320.73
349.33,99.78
174.87,331.51
234.73,47.15
456.98,285.07
815.3,52.48
304.32,116.9
516.09,255.6
26.0,322.82
338.41,265.63
93.23,1.24
186.99,125.25
357.94,343.03
920.45,139.47
767.26,103.36
414.24,126.759995
419.45,189.81
138.03,83.1
730.91,314.19
492.08,230.0
660.64,120.91
637.22,240.78
563.62,162.78
732.05,108.45
402.8,187.05
469.95,186.61
310.8,351.83
109.76,231.64
13.78,145.54
183.22,125.05
498.05,7.7200003
186.15,167.02
401.45,142.53
373.21,48.37
788.08,313.97
822.23,240.43
304.07,106.8
659.46,156.3
508.55,245.22
553.04,72.34
960.75,230.59
475.9,155.74
590.42,211.03
710.36,247.53
432.28,72.22
773.56,122.27
548.09,157.95
402.46,256.79
706.61,319.69
67.77,264.49
315.51,276.13
926.11,234.13
508.21,264.57
224.54,96.59
834.16,184.81
524.82,80.1
821.32,184.83
661.53,249.71
165.88,64.43
44.77,341.22
505.08,279.78
195.01,226.0
696.75,339.97
595.24,185.47
798.2,331.37
426.21,54.94
826.79,43.81
87.72,282.97
616.55,156.74
542.47,311.33
648.27,80.81
470.57,151.11
811.47,250.42
919.12,174.04
6.6899996,294.06
232.56,210.4
485.88,161.74
820.94,147.07
146.03,114.89
179.17,118.56
195.44,159.61
923.35,107.8
838.72,340.36
1039.47,156.9
991.56,254.35
479.86,327.57
94.87,118.95
189.92,221.7
303.46,141.87
317.31,300.78
926.53,132.69
543.27,240.37
970.12,332.81
844.69,36.58
517.63,268.63
323.01,1.04
969.89,223.56
43.68,103.21
497.13,298.7
389.57,81.65
370.09,305.45
49.06,200.56
95.96,245.01
847.27,97.14
638.59,147.16
816.3,106.53
269.66,25.43
666.51,256.14
832.19,158.35
350.27,266.58
478.56,150.26
433.06,48.71
547.16,166.47
301.28,110.15
195.26,232.29
650.58,322.69
390.03,178.23
790.8,25.31
103.01,115.52
487.38,186.2
675.67,232.31
360.8,110.29
60.36,198.69
462.98,220.2
536.48,76.15
526.31,153.46
590.43,142.33
414.32,212.93
265.78,318.03
77.95,263.06
486.87,99.07
507.74,222.95
342.61,226.19
100.41,99.9
492.92,314.94
104.78,188.26
618.64,237.57
690.89,210.93
845.77,134.62
420.41,300.69
893.01,37.73
810.97,320.75
554.57,65.37
487.45,164.95
342.82,65.33
772.57,143.64
550.17,174.59
292.34,204.91
319.35,120.36
653.44,245.26
319.71,16.97
663.66,330.58
409.19,248.52
713.58,45.72
798.39,120.44
874.93,16.37
608.46,222.63
570.78,214.99
826.77,219.56
195.0,222.74
205.3,17.48
486.82,224.61
143.62,220.45
564.82,77.2
318.71,215.38
585.37,148.78
115.19,190.2
88.56,211.62
422.86,136.47
129.66,285.14
142.38,108.65
1029.5,204.85
245.44,3.9
542.07,281.69
502.45,251.01
660.43,144.86
742.63,126.0
229.13,84.6
811.58,178.27
195.88,26.75
465.79,55.62
306.85,128.13
937.05,146.14
967.04,271.96
173.65,254.08
776.04,163.07
493.69,257.23
940.02,239.7
940.14,151.59
506.93,201.53
346.78,113.52
397.95,95.96
249.42,275.71
101.47,239.45
248.46,97.03
627.02,5.25
160.4,340.26
383.81,160.77
603.97,224.34
313.09,260.83
151.48,299.73
748.98,93.76
139.65,94.32
914.0,49.28
1050.21,17.26
873.02,32.41
911.77,189.3
501.87,219.97
228.6,97.51
84.26,194.9
910.8,39.25
47.9,303.43
589.25,161.83
256.92,320.37
687.95,243.11
547.8,131.5
305.4,194.89
274.78,157.01
680.99,205.9
1010.88,253.28
692.31,331.01
964.59,246.93
694.46,222.5
806.78,241.14
806.91,140.5
86.32,202.3
148.82,191.23
379.29,145.54
541.08,151.9
689.25,207.19
749.26,127.229996
686.08,205.0
1050.6,96.77
321.06,350.68
113.59,104.87
748.1,66.32
659.71,237.25
74.79,73.39
759.54,64.32
403.03,86.58
526.43,212.97
782.54,139.15
159.78,92.06
57.26,77.83
122.44,60.84
863.65,31.849998
316.16,282.45
868.39,127.28
428.82,273.95
641.4,161.32
412.21,216.16
402.61,349.83
504.46,124.55
645.92,225.49
315.03,121.6
78.24,298.8
977.65,133.9
258.92,3.1599998
82.54,307.17
145.78,96.98
487.18,88.85
655.15,143.92
639.83,36.5
879.74,3.8400002
144.65,78.05
819.88,235.86
569.84,126.509995
634.67,18.9
853.15,147.99
779.57,161.76
666.4,139.0
917.42,221.26
302.83,125.85
643.62,81.52
504.63,275.72
762.04,87.54
316.37,279.37
446.18,120.68
422.56,48.3
66.28,326.81
309.87,186.25
680.57,252.65
58.1,296.38
386.1,7.2799997
427.14,120.34
967.5,279.01
372.52,35.92
491.1,307.63
447.03,294.33
478.6,153.66
170.29,82.66
173.47,120.54
504.2,187.3
420.81,162.07
222.32,28.17
483.21,133.6
627.07,68.32
602.63,220.43
829.46,201.84
76.33,308.44
1036.29,196.5
981.27,159.37
455.94,233.98
816.36,173.86
141.91,53.15
822.9,139.43
843.62,130.23
92.19,194.3
97.35,201.33
465.93,261.33
407.47,201.45
663.55,283.9
508.3,259.15
101.61,107.61
987.14,267.05
493.98,301.94
589.81,243.55
142.3,30.8
308.6,232.74
648.7,277.54
231.46,113.25
338.62,262.01
861.36,56.35
640.57,110.3
696.18,177.27
407.15,33.69
812.56,236.16
229.22,93.65
624.89,176.81
1005.54,229.24
987.24,162.12
813.81,116.87
870.77,9.73
360.93,161.63
591.81,248.48
825.96,307.23
427.13,34.02
540.86,278.23
106.7,303.56
942.02,250.77
83.77,287.4
570.78,302.61
63.61,187.85
597.72,228.82
379.06,135.21
945.47,254.03
424.5,288.74
164.42,95.14
478.63,129.81
666.61,304.04
16.62,306.76
182.81,39.24
162.93,252.63
861.63,124.99
970.47,209.01
130.5,233.0
983.1,187.66
23.81,54.92
580.2,239.01
408.37,160.68
367.63,15.440001
150.81,271.7
864.5,46.9
132.52,200.6
240.15,97.87
480.92,131.17
72.57,217.0
952.72,275.24
387.49,305.13
61.63,317.06
813.23,110.07
633.09,124.17
517.43,226.27
367.83,135.96
280.37,236.28
527.68,195.11
505.75,146.19
179.03,249.43
425.83,292.92
594.11,352.8
755.92,93.34
372.96,149.66
282.24,341.95
806.01,133.89
982.6,106.17
173.95,35.56
703.24,163.67
963.37,215.63
766.79,96.29
986.6,15.51
243.88,140.96
886.66,17.46
528.01,297.23
897.79,44.39
24.21,317.27
490.79,310.63
198.43,23.82
764.48,90.55
495.28,204.69
615.89,212.94
49.54,219.53
399.74,101.78
941.07,158.12
451.0,218.24
116.95,194.62
626.97,188.37
106.37,195.11
659.25,298.04
431.8,23.55
625.59,183.49
229.37,15.85
790.02,149.23
104.22,18.25
422.76,128.64
565.07,98.68
29.78,306.32
465.08,251.29
763.87,39.63
519.24,72.01
105.16,108.09
174.65,248.9
2.7600002,238.58
499.37,287.06
944.95,265.3
138.31,39.32
155.71,91.32
840.82,315.0
606.23,214.53
195.79,185.3
866.93,139.0
757.28,42.89
26.74,300.17
13.59,194.12
824.18,224.66
629.45,14.52
267.26,321.59
877.95,156.39
33.73,216.12
431.27,336.03
475.98,82.79
577.78,237.09
71.25,273.6
253.25,25.82
412.16,199.29
601.95,215.64
859.73,47.7
829.73,206.48
854.64,323.9
268.92,249.22
508.84,255.51001
402.14,128.37
190.21,180.35
301.15,5.52
479.81,222.93
920.7,191.3
691.58,338.56
935.19,188.92
823.55,118.12
144.31,93.9
78.89,208.84
470.04,258.88
297.4,192.53
866.08,179.01
869.29,202.06
98.99,276.47
92.33,201.1
428.3,177.52
50.37,227.54
337.73,4.95
818.42,188.86
488.34,318.34
131.95,79.13
227.54,155.1
480.82,97.84
106.02,86.2
307.61,258.59
639.77,40.31
484.03,207.28
247.12,27.54
805.98,164.03
929.58,213.3
555.06,206.69
397.2,176.53
74.44,49.73
99.07,251.73
364.34,198.17
400.21,125.75
269.91,311.07
337.74,258.14
227.43,104.83
676.99,321.84
596.76,209.21
249.8,282.91
1001.97,100.65
53.76,339.57
267.57,303.42
142.31,201.08
469.43,197.38
784.51,141.99
587.92,180.29
150.86,296.72
806.16,136.62
571.92,77.95
297.9,227.76
59.74,302.11
402.87,117.97
147.79,218.96
480.9,123.63
962.46,227.56
597.71,200.94
935.22,220.57
496.8,327.48
508.21,290.52
959.62,196.75
-0.71,34.64
277.08,9.29
569.29,211.6
465.07,217.78
544.45,276.55
304.69,201.19
661.81,304.17
150.09,281.31
568.54,204.01
148.06,84.32
939.16,228.79
515.33,223.06
554.38,295.28
414.41,290.45
199.5,162.44
706.15,108.23
931.81,35.11
520.44,187.36
949.07,244.82
690.08,349.23
663.98,308.71
401.15,97.3
665.78,313.26
178.33,162.53
427.07,317.89
964.84,301.61
827.02,121.92
967.2,217.64
989.29,260.02
113.98,76.8
269.14,279.61
315.31,266.09
410.95,135.94
288.53,239.81
460.62,213.71
758.04,61.48
536.9,267.85
226.48,122.57
830.7,131.82
660.95,319.11
368.36,318.33
152.13,29.77
136.03,49.14
1038.4,200.15
598.17,162.93
238.64,21.99
318.47,312.09
958.75,243.98
282.19,318.04
209.22,117.31
210.73,324.28
599.64,158.53
350.66,329.44
171.51,104.76
970.21,219.91
960.9,257.91
382.56,135.45
758.39,39.7
1011.26,107.44
662.4,316.4
682.65,334.58
534.73,282.51
116.56,44.12
769.94,53.36
969.09,249.39
487.05,31.93
979.14,264.5
117.1,70.75
991.48,257.93
669.18,317.63
158.07,203.69
660.05,328.71
132.36,228.03
521.37,235.88
1008.47,227.1
97.29,264.18
535.01,234.13
833.39,35.92
36.86,350.08
526.48,230.09
1052.2,159.7
1052.47,169.04
755.58,49.85
56.08,325.99
136.7,72.38
105.58,237.0
1012.7,225.67
674.19,339.77
188.0,14.42
1028.69,237.95
